onset_beat,duration_beat,onset_quarter,duration_quarter,onset_div,duration_div,pitch,voice,id,last_beat,last_beat_ref
-0.5,0.5,-1.0,1.0,0,1024,38,5,n3-1,-10.0,-10.0
-0.5,0.5,-1.0,1.0,0,1024,50,4,n2-1,-10.0,-10.0
-0.5,0.5,-1.0,1.0,0,1024,62,1,n1-1,-10.0,-10.0
0.0,0.5,0.0,1.0,1024,1024,37,4,n8-1,0.0,2.231297
0.0,0.5,0.0,1.0,1024,1024,61,1,n4-1,0.0,2.231297
0.5,0.5,1.0,1.0,2048,1024,35,4,n9-1,0.0,2.231297
0.5,0.5,1.0,1.0,2048,1024,59,1,n5-1,0.0,2.231297
1.0,0.5,2.0,1.0,3072,1024,33,4,n10-1,1.0,2.6281974
1.0,0.5,2.0,1.0,3072,1024,57,1,n6-1,1.0,2.6281974
1.5,0.5,3.0,1.0,4096,1024,37,4,n11-1,1.0,2.6281974
1.5,0.5,3.0,1.0,4096,1024,61,1,n7-1,1.0,2.6281974
2.0,0.5,4.0,1.0,5120,1024,38,4,n18-1,2.0,3.0416574
2.0,0.5,4.0,1.0,5120,1024,62,1,n12-1,2.0,3.0416574
2.5,0.5,5.0,1.0,6144,1024,42,4,n19-1,2.0,3.0416574
2.5,0.5,5.0,1.0,6144,1024,66,1,n13-1,2.0,3.0416574
3.0,0.5,6.0,1.0,7168,1024,33,4,n20-1,3.0,3.421998
3.0,0.5,6.0,1.0,7168,1024,45,4,n21-1,3.0,3.421998
3.0,0.5,6.0,1.0,7168,1024,57,1,n14-1,3.0,3.421998
3.0,0.5,6.0,1.0,7168,1024,69,1,n15-1,3.0,3.421998
3.5,0.5,7.0,1.0,8192,1024,37,4,n22-1,3.0,3.421998
3.5,0.5,7.0,1.0,8192,1024,49,4,n23-1,3.0,3.421998
3.5,0.5,7.0,1.0,8192,1024,61,1,n16-1,3.0,3.421998
3.5,0.5,7.0,1.0,8192,1024,73,1,n17-1,3.0,3.421998
4.0,0.5,8.0,1.0,9216,1024,38,4,n32-1,4.0,3.817296
4.0,0.5,8.0,1.0,9216,1024,50,4,n33-1,4.0,3.817296
4.0,0.5,8.0,1.0,9216,1024,62,1,n24-1,4.0,3.817296
4.0,0.5,8.0,1.0,9216,1024,74,1,n25-1,4.0,3.817296
4.5,0.5,9.0,1.0,10240,1024,40,4,n34-1,4.0,3.817296
4.5,0.5,9.0,1.0,10240,1024,52,4,n35-1,4.0,3.817296
4.5,0.5,9.0,1.0,10240,1024,64,1,n26-1,4.0,3.817296
4.5,0.5,9.0,1.0,10240,1024,76,1,n27-1,4.0,3.817296
5.0,0.5,10.0,1.0,11264,1024,42,4,n36-1,5.0,4.193898
5.0,0.5,10.0,1.0,11264,1024,54,4,n37-1,5.0,4.193898
5.0,0.5,10.0,1.0,11264,1024,66,1,n28-1,5.0,4.193898
5.0,0.5,10.0,1.0,11264,1024,78,1,n29-1,5.0,4.193898
5.5,0.5,11.0,1.0,12288,1024,43,4,n38-1,5.0,4.193898
5.5,0.5,11.0,1.0,12288,1024,55,4,n39-1,5.0,4.193898
5.5,0.5,11.0,1.0,12288,1024,67,1,n30-1,5.0,4.193898
5.5,0.5,11.0,1.0,12288,1024,79,1,n31-1,5.0,4.193898
6.0,1.5,12.0,3.0,13312,3072,45,4,n43-1,6.0,4.7339606
6.0,1.5,12.0,3.0,13312,3072,57,4,n44-1,6.0,4.7339606
6.0,1.5,12.0,3.0,13312,3072,69,1,n40-1,6.0,4.7339606
6.0,1.5,12.0,3.0,13312,3072,81,1,n41-1,6.0,4.7339606
7.5,0.5,15.0,1.0,16384,1024,66,4,n45-1,7.0,5.785239
7.5,0.5,15.0,1.0,16384,1024,69,4,n46-1,7.0,5.785239
7.5,0.5,15.0,1.0,16384,1024,74,2,n42-1,7.0,5.785239
8.0,0.5,16.0,1.0,17408,1024,64,4,n52-1,8.0,6.836518
8.0,0.5,16.0,1.0,17408,1024,67,4,n53-1,8.0,6.836518
8.0,0.5,16.0,1.0,17408,1024,73,1,n47-1,8.0,6.836518
8.5,0.5,17.0,1.0,18432,1024,62,4,n54-1,8.0,6.836518
8.5,0.5,17.0,1.0,18432,1024,66,4,n55-1,8.0,6.836518
8.5,0.5,17.0,1.0,18432,1024,71,1,n48-1,8.0,6.836518
9.0,0.5,18.0,1.0,19456,1024,61,4,n56-1,9.0,7.2040386
9.0,0.5,18.0,1.0,19456,1024,64,4,n57-1,9.0,7.2040386
9.0,0.5,18.0,1.0,19456,1024,69,1,n49-1,9.0,7.2040386
9.5,0.5,19.0,1.0,20480,1024,62,4,n58-1,9.0,7.2040386
9.5,0.5,19.0,1.0,20480,1024,66,4,n59-1,9.0,7.2040386
9.5,0.5,19.0,1.0,20480,1024,71,1,n50-1,9.0,7.2040386
9.5,0.5,19.0,1.0,20480,1024,81,2,n51-1,9.0,7.2040386
10.0,0.5,20.0,1.0,21504,1024,61,4,n65-1,10.0,7.5849137
10.0,0.5,20.0,1.0,21504,1024,64,4,n66-1,10.0,7.5849137
10.0,0.5,20.0,1.0,21504,1024,69,1,n60-1,10.0,7.5849137
10.0,1.5,20.0,3.0,21504,3072,81,2,n64-1,10.0,7.5849137
10.5,0.5,21.0,1.0,22528,1024,59,4,n67-1,10.0,7.5849137
10.5,0.5,21.0,1.0,22528,1024,62,4,n68-1,10.0,7.5849137
10.5,0.5,21.0,1.0,22528,1024,67,1,n61-1,10.0,7.5849137
11.0,0.5,22.0,1.0,23552,1024,57,4,n69-1,11.0,7.979677
11.0,0.5,22.0,1.0,23552,1024,61,4,n70-1,11.0,7.979677
11.0,0.5,22.0,1.0,23552,1024,66,1,n62-1,11.0,7.979677
11.5,0.5,23.0,1.0,24576,1024,59,4,n71-1,11.0,7.979677
11.5,0.5,23.0,1.0,24576,1024,62,4,n72-1,11.0,7.979677
11.5,0.5,23.0,1.0,24576,1024,67,1,n63-1,11.0,7.979677
12.0,0.5,24.0,1.0,25600,1024,57,4,n78-1,12.0,8.362155
12.0,0.5,24.0,1.0,25600,1024,61,4,n79-1,12.0,8.362155
12.0,0.5,24.0,1.0,25600,1024,66,1,n73-1,12.0,8.362155
12.5,0.5,25.0,1.0,26624,1024,55,4,n80-1,12.0,8.362155
12.5,0.5,25.0,1.0,26624,1024,59,4,n81-1,12.0,8.362155
12.5,0.5,25.0,1.0,26624,1024,64,1,n74-1,12.0,8.362155
13.0,0.5,26.0,1.0,27648,1024,54,4,n82-1,13.0,8.742496
13.0,0.5,26.0,1.0,27648,1024,57,4,n83-1,13.0,8.742496
13.0,0.5,26.0,1.0,27648,1024,62,1,n75-1,13.0,8.742496
13.5,0.5,27.0,1.0,28672,1024,55,4,n84-1,13.0,8.742496
13.5,0.5,27.0,1.0,28672,1024,59,4,n85-1,13.0,8.742496
13.5,0.5,27.0,1.0,28672,1024,64,1,n76-1,13.0,8.742496
13.5,0.5,27.0,1.0,28672,1024,74,2,n77-1,13.0,8.742496
14.0,0.5,28.0,1.0,29696,1024,54,4,n94-1,14.0,9.122302
14.0,0.5,28.0,1.0,29696,1024,57,4,n95-1,14.0,9.122302
14.0,0.5,28.0,1.0,29696,1024,62,1,n86-1,14.0,9.122302
14.0,0.5,28.0,1.0,29696,1024,74,1,n87-1,14.0,9.122302
14.5,0.5,29.0,1.0,30720,1024,52,4,n96-1,14.0,9.122302
14.5,0.5,29.0,1.0,30720,1024,55,4,n97-1,14.0,9.122302
14.5,0.5,29.0,1.0,30720,1024,61,1,n88-1,14.0,9.122302
14.5,0.5,29.0,1.0,30720,1024,73,1,n89-1,14.0,9.122302
15.0,0.5,30.0,1.0,31744,1024,50,4,n98-1,15.0,9.491425
15.0,0.5,30.0,1.0,31744,1024,54,4,n99-1,15.0,9.491425
15.0,0.5,30.0,1.0,31744,1024,62,1,n90-1,15.0,9.491425
15.0,0.5,30.0,1.0,31744,1024,74,1,n91-1,15.0,9.491425
15.5,1.0,31.0,2.0,32768,2048,63,1,n92-1,15.0,9.491425
15.5,1.0,31.0,2.0,32768,2048,75,1,n93-1,15.0,9.491425
16.0,0.5,32.0,1.0,33792,1024,43,4,n108-1,16.0,9.9171715
16.0,0.5,32.0,1.0,33792,1024,55,4,n109-1,16.0,9.9171715
16.5,0.5,33.0,1.0,34816,1024,64,1,n103-1,16.0,9.9171715
16.5,0.5,33.0,1.0,34816,1024,76,1,n104-1,16.0,9.9171715
17.0,0.5,34.0,1.0,35840,1024,45,4,n111-1,17.0,10.317812
17.0,0.5,34.0,1.0,35840,1024,57,4,n112-1,17.0,10.317812
17.0,0.5,34.0,1.0,35840,1024,67,2,n107-1,17.0,10.317812
17.0,0.5,34.0,1.0,35840,1024,73,1,n105-1,17.0,10.317812
17.5,0.5,35.0,1.0,36864,1024,69,1,n106-1,17.0,10.317812
18.0,0.5,36.0,1.0,37888,1024,38,4,n118-1,18.0,10.746763
18.0,0.5,36.0,1.0,37888,1024,50,4,n119-1,18.0,10.746763
18.0,0.5,36.0,1.0,37888,1024,66,2,n117-1,18.0,10.746763
18.0,0.5,36.0,1.0,37888,1024,74,1,n114-1,18.0,10.746763
19.5,0.25,39.0,0.5,40960,512,78,1,n115-1,19.0,11.136186
19.75,0.25,39.5,0.5,41472,512,86,1,n116-1,19.0,11.136186
20.0,0.25,40.0,0.5,41984,512,76,1,n122-1,20.0,11.525607
20.25,0.25,40.5,0.5,42496,512,85,1,n123-1,20.0,11.525607
20.5,0.25,41.0,0.5,43008,512,74,1,n124-1,20.0,11.525607
20.75,0.25,41.5,0.5,43520,512,83,1,n125-1,20.0,11.525607
21.0,0.25,42.0,0.5,44032,512,73,1,n126-1,21.0,11.855734
21.25,0.25,42.5,0.5,44544,512,81,1,n127-1,21.0,11.855734
21.5,0.5,43.0,1.0,45056,1024,33,4,n132-1,21.0,11.855734
21.5,0.5,43.0,1.0,45056,1024,45,4,n133-1,21.0,11.855734
21.5,0.25,43.0,0.5,45056,512,74,1,n128-1,21.0,11.855734
21.75,0.25,43.5,0.5,45568,512,83,1,n129-1,21.0,11.855734
22.0,3.5,44.0,7.0,46080,7168,33,4,n142-1,22.0,12.231802
22.0,3.5,44.0,7.0,46080,7168,45,4,n143-1,22.0,12.231802
22.0,0.25,44.0,0.5,46080,512,73,1,n134-1,22.0,12.231802
22.25,0.25,44.5,0.5,46592,512,81,1,n135-1,22.0,12.231802
22.5,0.25,45.0,0.5,47104,512,71,1,n136-1,22.0,12.231802
22.75,0.25,45.5,0.5,47616,512,79,1,n137-1,22.0,12.231802
23.0,0.25,46.0,0.5,48128,512,69,1,n138-1,23.0,12.604664
23.25,0.25,46.5,0.5,48640,512,78,1,n139-1,23.0,12.604664
23.5,0.25,47.0,0.5,49152,512,71,1,n140-1,23.0,12.604664
23.75,0.25,47.5,0.5,49664,512,79,1,n141-1,23.0,12.604664
24.0,0.25,48.0,0.5,50176,512,69,1,n144-1,24.0,12.935859
24.25,0.25,48.5,0.5,50688,512,78,1,n145-1,24.0,12.935859
24.5,0.25,49.0,0.5,51200,512,67,1,n146-1,24.0,12.935859
24.75,0.25,49.5,0.5,51712,512,76,1,n147-1,24.0,12.935859
25.0,0.25,50.0,0.5,52224,512,66,1,n148-1,25.0,13.268123
25.25,0.25,50.5,0.5,52736,512,74,1,n149-1,25.0,13.268123
25.5,0.5,51.0,1.0,53248,1024,34,4,n154-1,25.0,13.268123
25.5,0.5,51.0,1.0,53248,1024,46,4,n155-1,25.0,13.268123
25.5,0.25,51.0,0.5,53248,512,67,1,n150-1,25.0,13.268123
25.75,0.25,51.5,0.5,53760,512,76,1,n151-1,25.0,13.268123
26.0,0.5,52.0,1.0,54272,1024,35,4,n164-1,26.0,13.650601
26.0,0.5,52.0,1.0,54272,1024,47,4,n165-1,26.0,13.650601
26.0,0.25,52.0,0.5,54272,512,66,1,n156-1,26.0,13.650601
26.25,0.25,52.5,0.5,54784,512,74,1,n157-1,26.0,13.650601
26.5,0.5,53.0,1.0,55296,1024,33,4,n166-1,26.0,13.650601
26.5,0.5,53.0,1.0,55296,1024,45,4,n167-1,26.0,13.650601
26.5,0.25,53.0,0.5,55296,512,66,1,n158-1,26.0,13.650601
26.75,0.25,53.5,0.5,55808,512,75,1,n159-1,26.0,13.650601
27.0,0.5,54.0,1.0,56320,1024,31,4,n168-1,27.0,14.04483
27.0,0.5,54.0,1.0,56320,1024,43,4,n169-1,27.0,14.04483
27.0,0.25,54.0,0.5,56320,512,67,1,n160-1,27.0,14.04483
27.25,0.25,54.5,0.5,56832,512,76,1,n161-1,27.0,14.04483
27.5,0.5,55.0,1.0,57344,1024,30,4,n170-1,27.0,14.04483
27.5,0.5,55.0,1.0,57344,1024,42,4,n171-1,27.0,14.04483
27.5,0.25,55.0,0.5,57344,512,69,1,n162-1,27.0,14.04483
27.75,0.25,55.5,0.5,57856,512,78,1,n163-1,27.0,14.04483
28.0,0.5,56.0,1.0,58368,1024,28,4,n181-1,28.0,14.415556
28.0,0.5,56.0,1.0,58368,1024,40,4,n182-1,28.0,14.415556
28.0,0.25,56.0,0.5,58368,512,71,1,n172-1,28.0,14.415556
28.25,0.25,56.5,0.5,58880,512,79,1,n173-1,28.0,14.415556
28.5,0.25,57.0,0.5,59392,512,78,1,n174-1,28.0,14.415556
28.75,0.25,57.5,0.5,59904,512,81,1,n175-1,28.0,14.415556
29.0,0.5,58.0,1.0,60416,1024,33,4,n184-1,29.0,14.783076
29.0,0.5,58.0,1.0,60416,1024,45,4,n185-1,29.0,14.783076
29.0,0.25,58.0,0.5,60416,512,79,1,n176-1,29.0,14.783076
29.25,0.25,58.5,0.5,60928,512,83,1,n177-1,29.0,14.783076
29.5,0.5,59.0,1.0,61440,1024,64,1,n178-1,29.0,14.783076
29.5,0.5,59.0,1.0,61440,1024,67,1,n179-1,29.0,14.783076
29.5,0.5,59.0,1.0,61440,1024,73,1,n180-1,29.0,14.783076
30.0,0.5,60.0,1.0,62464,1024,38,5,n195-1,30.0,15.206152
30.0,0.5,60.0,1.0,62464,1024,50,5,n196-1,30.0,15.206152
30.0,0.5,60.0,1.0,62464,1024,62,1,n187-1,30.0,15.206152
30.0,0.5,60.0,1.0,62464,1024,66,1,n188-1,30.0,15.206152
30.0,0.5,60.0,1.0,62464,1024,74,1,n189-1,30.0,15.206152
31.5,0.5,63.0,1.0,65536,1024,38,5,n197-1,31.0,15.595574
31.75,0.25,63.5,0.5,66048,512,50,4,n194-1,31.0,15.595574
31.75,0.25,63.5,0.5,66048,512,62,1,n193-1,31.0,15.595574
32.0,0.5,64.0,1.0,66560,1024,37,5,n208-1,32.0,15.984996
32.25,0.25,64.5,0.5,67072,512,49,4,n206-1,32.0,15.984996
32.25,0.25,64.5,0.5,67072,512,61,1,n199-1,32.0,15.984996
32.5,0.5,65.0,1.0,67584,1024,35,5,n209-1,32.0,15.984996
32.75,0.25,65.5,0.5,68096,512,59,1,n201-1,32.0,15.984996
33.0,0.5,66.0,1.0,68608,1024,33,5,n210-1,33.0,16.340763
33.25,0.25,66.5,0.5,69120,512,57,1,n203-1,33.0,16.340763
33.5,0.5,67.0,1.0,69632,1024,37,5,n211-1,33.0,16.340763
33.75,0.25,67.5,0.5,70144,512,49,4,n207-1,33.0,16.340763
33.75,0.25,67.5,0.5,70144,512,61,1,n205-1,33.0,16.340763
34.0,0.5,68.0,1.0,70656,1024,38,5,n224-1,34.0,16.71042
34.25,0.25,68.5,0.5,71168,512,50,4,n221-1,34.0,16.71042
34.25,0.25,68.5,0.5,71168,512,62,1,n213-1,34.0,16.71042
34.5,0.5,69.0,1.0,71680,1024,42,5,n225-1,34.0,16.71042
34.75,0.25,69.5,0.5,72192,512,54,4,n222-1,34.0,16.71042
34.75,0.25,69.5,0.5,72192,512,66,1,n215-1,34.0,16.71042
35.0,0.5,70.0,1.0,72704,1024,33,5,n226-1,35.0,17.036276
35.0,0.5,70.0,1.0,72704,1024,45,5,n227-1,35.0,17.036276
35.25,0.25,70.5,0.5,73216,512,57,4,n223-1,35.0,17.036276
35.25,0.25,70.5,0.5,73216,512,69,1,n217-1,35.0,17.036276
35.5,0.5,71.0,1.0,73728,1024,37,5,n228-1,35.0,17.036276
35.5,0.5,71.0,1.0,73728,1024,49,5,n229-1,35.0,17.036276
35.75,0.25,71.5,0.5,74240,512,61,1,n219-1,35.0,17.036276
35.75,0.25,71.5,0.5,74240,512,73,1,n220-1,35.0,17.036276
36.0,0.5,72.0,1.0,74752,1024,38,4,n242-1,36.0,17.434244
36.0,0.5,72.0,1.0,74752,1024,50,4,n243-1,36.0,17.434244
36.25,0.25,72.5,0.5,75264,512,62,1,n231-1,36.0,17.434244
36.25,0.25,72.5,0.5,75264,512,74,1,n232-1,36.0,17.434244
36.5,0.5,73.0,1.0,75776,1024,40,4,n244-1,36.0,17.434244
36.5,0.5,73.0,1.0,75776,1024,52,4,n245-1,36.0,17.434244
36.75,0.25,73.5,0.5,76288,512,64,1,n234-1,36.0,17.434244
36.75,0.25,73.5,0.5,76288,512,76,1,n235-1,36.0,17.434244
37.0,0.5,74.0,1.0,76800,1024,42,4,n246-1,37.0,17.798025
37.0,0.5,74.0,1.0,76800,1024,54,4,n247-1,37.0,17.798025
37.25,0.25,74.5,0.5,77312,512,66,1,n237-1,37.0,17.798025
37.25,0.25,74.5,0.5,77312,512,78,1,n238-1,37.0,17.798025
37.5,0.5,75.0,1.0,77824,1024,43,4,n248-1,37.0,17.798025
37.5,0.5,75.0,1.0,77824,1024,55,4,n249-1,37.0,17.798025
37.75,0.25,75.5,0.5,78336,512,67,1,n240-1,37.0,17.798025
37.75,0.25,75.5,0.5,78336,512,79,1,n241-1,37.0,17.798025
38.0,0.5,76.0,1.0,78848,1024,45,4,n262-1,38.0,18.156464
38.0,0.5,76.0,1.0,78848,1024,57,4,n263-1,38.0,18.156464
38.25,0.25,76.5,0.5,79360,512,69,1,n251-1,38.0,18.156464
38.25,0.25,76.5,0.5,79360,512,81,1,n252-1,38.0,18.156464
38.5,0.5,77.0,1.0,79872,1024,46,4,n264-1,38.0,18.156464
38.5,0.5,77.0,1.0,79872,1024,58,4,n265-1,38.0,18.156464
38.75,0.25,77.5,0.5,80384,512,70,1,n254-1,38.0,18.156464
38.75,0.25,77.5,0.5,80384,512,82,1,n255-1,38.0,18.156464
39.0,0.5,78.0,1.0,80896,1024,47,4,n266-1,39.0,18.512232
39.0,0.5,78.0,1.0,80896,1024,59,4,n267-1,39.0,18.512232
39.25,0.25,78.5,0.5,81408,512,71,1,n257-1,39.0,18.512232
39.25,0.25,78.5,0.5,81408,512,83,1,n258-1,39.0,18.512232
39.5,0.5,79.0,1.0,81920,1024,49,4,n268-1,39.0,18.512232
39.5,0.5,79.0,1.0,81920,1024,61,4,n269-1,39.0,18.512232
39.75,0.25,79.5,0.5,82432,512,73,1,n260-1,39.0,18.512232
39.75,0.25,79.5,0.5,82432,512,85,1,n261-1,39.0,18.512232
40.0,0.5,80.0,1.0,82944,1024,50,4,n276-1,40.0,18.90112
40.0,0.5,80.0,1.0,82944,1024,62,4,n277-1,40.0,18.90112
40.0,0.5,80.0,1.0,82944,1024,74,1,n270-1,40.0,18.90112
40.0,0.5,80.0,1.0,82944,1024,86,1,n271-1,40.0,18.90112
41.0,0.5,82.0,1.0,84992,1024,52,4,n279-1,41.0,19.327934
41.0,0.5,82.0,1.0,84992,1024,64,4,n280-1,41.0,19.327934
41.0,0.5,82.0,1.0,84992,1024,76,1,n273-1,41.0,19.327934
41.0,0.5,82.0,1.0,84992,1024,88,1,n274-1,41.0,19.327934
42.0,1.5,84.0,3.0,87040,3072,54,4,n285-1,42.0,19.884556
42.0,1.5,84.0,3.0,87040,3072,66,4,n286-1,42.0,19.884556
42.0,1.5,84.0,3.0,87040,3072,78,1,n282-1,42.0,19.884556
42.0,1.5,84.0,3.0,87040,3072,90,1,n283-1,42.0,19.884556
43.5,0.5,87.0,1.0,90112,1024,66,1,n284-1,43.0,20.97403
44.0,0.25,88.0,0.5,91136,512,47,4,n290-1,44.0,22.063503
44.0,1.0,88.0,2.0,91136,2048,74,1,n288-1,44.0,22.063503
44.25,0.25,88.5,0.5,91648,512,50,4,n291-1,44.0,22.063503
44.5,0.25,89.0,0.5,92160,512,54,4,n292-1,44.0,22.063503
44.75,0.25,89.5,0.5,92672,512,59,4,n293-1,44.0,22.063503
45.0,0.25,90.0,0.5,93184,512,46,4,n294-1,45.0,22.43316
45.0,1.0,90.0,2.0,93184,2048,78,1,n289-1,45.0,22.43316
45.25,0.25,90.5,0.5,93696,512,52,4,n295-1,45.0,22.43316
45.5,0.25,91.0,0.5,94208,512,54,4,n296-1,45.0,22.43316
45.75,0.25,91.5,0.5,94720,512,61,4,n297-1,45.0,22.43316
46.0,0.25,92.0,0.5,95232,512,47,4,n303-1,46.0,22.815638
46.0,1.0,92.0,2.0,95232,2048,74,1,n298-1,46.0,22.815638
46.25,0.25,92.5,0.5,95744,512,50,4,n304-1,46.0,22.815638
46.5,0.25,93.0,0.5,96256,512,54,4,n305-1,46.0,22.815638
46.75,0.25,93.5,0.5,96768,512,59,4,n306-1,46.0,22.815638
47.0,0.25,94.0,0.5,97280,512,47,4,n307-1,47.0,23.160189
47.0,0.25,94.0,0.5,97280,512,76,1,n299-1,47.0,23.160189
47.25,0.25,94.5,0.5,97792,512,50,4,n308-1,47.0,23.160189
47.25,0.25,94.5,0.5,97792,512,74,1,n300-1,47.0,23.160189
47.5,0.25,95.0,0.5,98304,512,54,4,n309-1,47.0,23.160189
47.5,0.25,95.0,0.5,98304,512,73,1,n301-1,47.0,23.160189
47.75,0.25,95.5,0.5,98816,512,59,4,n310-1,47.0,23.160189
47.75,0.25,95.5,0.5,98816,512,71,1,n302-1,47.0,23.160189
48.0,0.25,96.0,0.5,99328,512,49,4,n317-1,48.0,23.495123
48.0,0.5,96.0,1.0,99328,1024,70,1,n311-1,48.0,23.495123
48.25,0.25,96.5,0.5,99840,512,52,4,n318-1,48.0,23.495123
48.5,0.25,97.0,0.5,100352,512,54,4,n319-1,48.0,23.495123
48.5,0.5,97.0,1.0,100352,1024,70,1,n312-1,48.0,23.495123
48.75,0.25,97.5,0.5,100864,512,58,4,n320-1,48.0,23.495123
49.0,0.25,98.0,0.5,101376,512,47,4,n321-1,49.0,23.875998
49.0,0.25,98.0,0.5,101376,512,73,1,n313-1,49.0,23.875998
49.25,0.25,98.5,0.5,101888,512,50,4,n322-1,49.0,23.875998
49.25,0.25,98.5,0.5,101888,512,71,1,n314-1,49.0,23.875998
49.5,0.25,99.0,0.5,102400,512,54,4,n323-1,49.0,23.875998
49.5,0.25,99.0,0.5,102400,512,70,1,n315-1,49.0,23.875998
49.75,0.25,99.5,0.5,102912,512,59,4,n324-1,49.0,23.875998
49.75,0.25,99.5,0.5,102912,512,71,1,n316-1,49.0,23.875998
50.0,0.25,100.0,0.5,103424,512,42,4,n328-1,50.0,24.2526
50.0,1.0,100.0,2.0,103424,2048,73,1,n325-1,50.0,24.2526
50.25,0.25,100.5,0.5,103936,512,49,4,n329-1,50.0,24.2526
50.5,0.25,101.0,0.5,104448,512,54,4,n330-1,50.0,24.2526
50.75,0.25,101.5,0.5,104960,512,58,4,n331-1,50.0,24.2526
51.0,0.25,102.0,0.5,105472,512,42,4,n332-1,51.0,24.654308
51.0,0.5,102.0,1.0,105472,1024,66,1,n326-1,51.0,24.654308
51.25,0.25,102.5,0.5,105984,512,49,4,n333-1,51.0,24.654308
51.5,0.25,103.0,0.5,106496,512,54,4,n334-1,51.0,24.654308
51.5,0.5,103.0,1.0,106496,1024,66,1,n327-1,51.0,24.654308
51.75,0.25,103.5,0.5,107008,512,58,4,n335-1,51.0,24.654308
52.0,0.25,104.0,0.5,107520,512,47,4,n338-1,52.0,25.06296
52.0,1.0,104.0,2.0,107520,2048,74,1,n336-1,52.0,25.06296
52.25,0.25,104.5,0.5,108032,512,50,4,n339-1,52.0,25.06296
52.5,0.25,105.0,0.5,108544,512,54,4,n340-1,52.0,25.06296
52.75,0.25,105.5,0.5,109056,512,59,4,n341-1,52.0,25.06296
53.0,0.25,106.0,0.5,109568,512,46,4,n342-1,53.0,25.438494
53.0,1.0,106.0,2.0,109568,2048,78,1,n337-1,53.0,25.438494
53.25,0.25,106.5,0.5,110080,512,52,4,n343-1,53.0,25.438494
53.5,0.25,107.0,0.5,110592,512,54,4,n344-1,53.0,25.438494
53.75,0.25,107.5,0.5,111104,512,61,4,n345-1,53.0,25.438494
54.0,0.25,108.0,0.5,111616,512,47,4,n351-1,54.0,25.825779
54.0,1.0,108.0,2.0,111616,2048,74,1,n346-1,54.0,25.825779
54.25,0.25,108.5,0.5,112128,512,50,4,n352-1,54.0,25.825779
54.5,0.25,109.0,0.5,112640,512,54,4,n353-1,54.0,25.825779
54.75,0.25,109.5,0.5,113152,512,59,4,n354-1,54.0,25.825779
55.0,0.25,110.0,0.5,113664,512,50,4,n355-1,55.0,26.186354
55.0,0.25,110.0,0.5,113664,512,76,1,n347-1,55.0,26.186354
55.25,0.25,110.5,0.5,114176,512,54,4,n356-1,55.0,26.186354
55.25,0.25,110.5,0.5,114176,512,74,1,n348-1,55.0,26.186354
55.5,0.25,111.0,0.5,114688,512,59,4,n357-1,55.0,26.186354
55.5,0.25,111.0,0.5,114688,512,73,1,n349-1,55.0,26.186354
55.75,0.25,111.5,0.5,115200,512,54,4,n358-1,55.0,26.186354
55.75,0.25,111.5,0.5,115200,512,71,1,n350-1,55.0,26.186354
56.0,0.25,112.0,0.5,115712,512,49,4,n365-1,56.0,26.546396
56.0,0.5,112.0,1.0,115712,1024,69,1,n359-1,56.0,26.546396
56.25,0.25,112.5,0.5,116224,512,54,4,n366-1,56.0,26.546396
56.5,0.25,113.0,0.5,116736,512,57,4,n367-1,56.0,26.546396
56.5,0.5,113.0,1.0,116736,1024,69,1,n360-1,56.0,26.546396
56.75,0.25,113.5,0.5,117248,512,54,4,n368-1,56.0,26.546396
57.0,0.25,114.0,0.5,117760,512,49,4,n369-1,57.0,26.919792
57.0,0.25,114.0,0.5,117760,512,69,1,n361-1,57.0,26.919792
57.25,0.25,114.5,0.5,118272,512,53,4,n370-1,57.0,26.919792
57.25,0.25,114.5,0.5,118272,512,68,1,n362-1,57.0,26.919792
57.5,0.25,115.0,0.5,118784,512,56,4,n371-1,57.0,26.919792
57.5,0.25,115.0,0.5,118784,512,66,1,n363-1,57.0,26.919792
57.75,0.25,115.5,0.5,119296,512,53,4,n372-1,57.0,26.919792
57.75,0.25,115.5,0.5,119296,512,68,1,n364-1,57.0,26.919792
58.0,0.25,116.0,0.5,119808,512,42,4,n377-1,58.0,27.306543
58.0,0.5,116.0,1.0,119808,1024,66,1,n373-1,58.0,27.306543
58.25,0.25,116.5,0.5,120320,512,45,4,n378-1,58.0,27.306543
58.5,0.25,117.0,0.5,120832,512,49,4,n379-1,58.0,27.306543
58.75,0.25,117.5,0.5,121344,512,54,4,n380-1,58.0,27.306543
59.0,0.5,118.0,1.0,121856,1024,42,4,n381-1,59.0,27.707184
59.5,0.5,119.0,1.0,122880,1024,61,1,n376-1,59.0,27.707184
60.0,2.5,120.0,5.0,123904,5120,49,5,n395-1,60.0,28.153229
60.0,0.25,120.0,0.5,123904,512,68,1,n383-1,60.0,28.153229
60.25,0.25,120.5,0.5,124416,512,61,1,n384-1,60.0,28.153229
60.5,1.0,121.0,2.0,124928,2048,56,4,n391-1,60.0,28.153229
60.5,1.0,121.0,2.0,124928,2048,59,4,n392-1,60.0,28.153229
60.5,0.25,121.0,0.5,124928,512,65,1,n385-1,60.0,28.153229
60.75,0.25,121.5,0.5,125440,512,68,1,n386-1,60.0,28.153229
61.0,0.25,122.0,0.5,125952,512,69,1,n387-1,61.0,28.53731
61.25,0.25,122.5,0.5,126464,512,61,1,n388-1,61.0,28.53731
61.5,0.5,123.0,1.0,126976,1024,54,4,n393-1,61.0,28.53731
61.5,0.5,123.0,1.0,126976,1024,57,4,n394-1,61.0,28.53731
61.5,0.25,123.0,0.5,126976,512,66,1,n389-1,61.0,28.53731
61.75,0.25,123.5,0.5,127488,512,69,1,n390-1,61.0,28.53731
62.0,0.5,124.0,1.0,128000,1024,53,4,n404-1,62.0,28.93047
62.0,0.5,124.0,1.0,128000,1024,56,4,n405-1,62.0,28.93047
62.0,0.25,124.0,0.5,128000,512,71,1,n396-1,62.0,28.93047
62.25,0.25,124.5,0.5,128512,512,61,1,n397-1,62.0,28.93047
62.5,0.25,125.0,0.5,129024,512,65,1,n398-1,62.0,28.93047
62.75,0.25,125.5,0.5,129536,512,68,1,n399-1,62.0,28.93047
63.0,0.25,126.0,0.5,130048,512,73,1,n400-1,63.0,29.29158
63.25,0.25,126.5,0.5,130560,512,71,1,n401-1,63.0,29.29158
63.5,0.25,127.0,0.5,131072,512,69,1,n402-1,63.0,29.29158
63.75,0.25,127.5,0.5,131584,512,68,1,n403-1,63.0,29.29158
64.0,0.5,128.0,1.0,132096,1024,54,4,n415-1,64.0,29.624912
64.0,0.5,128.0,1.0,132096,1024,57,4,n416-1,64.0,29.624912
64.0,0.25,128.0,0.5,132096,512,69,1,n407-1,64.0,29.624912
64.25,0.25,128.5,0.5,132608,512,66,1,n408-1,64.0,29.624912
64.5,0.5,129.0,1.0,133120,1024,54,4,n417-1,64.0,29.624912
64.5,0.5,129.0,1.0,133120,1024,57,4,n418-1,64.0,29.624912
64.5,0.25,129.0,0.5,133120,512,65,1,n409-1,64.0,29.624912
64.75,0.25,129.5,0.5,133632,512,66,1,n410-1,64.0,29.624912
65.0,0.5,130.0,1.0,134144,1024,56,4,n419-1,65.0,30.01487
65.0,0.5,130.0,1.0,134144,1024,59,4,n420-1,65.0,30.01487
65.0,0.25,130.0,0.5,134144,512,71,1,n411-1,65.0,30.01487
65.25,0.25,130.5,0.5,134656,512,66,1,n412-1,65.0,30.01487
65.5,0.5,131.0,1.0,135168,1024,56,4,n421-1,65.0,30.01487
65.5,0.5,131.0,1.0,135168,1024,59,4,n422-1,65.0,30.01487
65.5,0.25,131.0,0.5,135168,512,65,1,n413-1,65.0,30.01487
65.75,0.25,131.5,0.5,135680,512,66,1,n414-1,65.0,30.01487
66.0,0.5,132.0,1.0,136192,1024,57,4,n431-1,66.0,30.393072
66.0,0.5,132.0,1.0,136192,1024,61,4,n432-1,66.0,30.393072
66.0,0.25,132.0,0.5,136192,512,73,1,n423-1,66.0,30.393072
66.25,0.25,132.5,0.5,136704,512,69,1,n424-1,66.0,30.393072
66.5,0.25,133.0,0.5,137216,512,68,1,n425-1,66.0,30.393072
66.75,0.25,133.5,0.5,137728,512,69,1,n426-1,66.0,30.393072
67.0,0.25,134.0,0.5,138240,512,71,1,n427-1,67.0,30.777687
67.25,0.25,134.5,0.5,138752,512,69,1,n428-1,67.0,30.777687
67.5,0.25,135.0,0.5,139264,512,68,1,n429-1,67.0,30.777687
67.75,0.25,135.5,0.5,139776,512,69,1,n430-1,67.0,30.777687
68.0,2.5,136.0,5.0,140288,5120,52,5,n447-1,68.0,31.109951
68.0,0.25,136.0,0.5,140288,512,71,1,n435-1,68.0,31.109951
68.25,0.25,136.5,0.5,140800,512,64,1,n436-1,68.0,31.109951
68.5,1.0,137.0,2.0,141312,2048,59,4,n443-1,68.0,31.109951
68.5,1.0,137.0,2.0,141312,2048,62,4,n444-1,68.0,31.109951
68.5,0.25,137.0,0.5,141312,512,68,1,n437-1,68.0,31.109951
68.75,0.25,137.5,0.5,141824,512,71,1,n438-1,68.0,31.109951
69.0,0.25,138.0,0.5,142336,512,73,1,n439-1,69.0,31.510592
69.25,0.25,138.5,0.5,142848,512,64,1,n440-1,69.0,31.510592
69.5,0.5,139.0,1.0,143360,1024,57,4,n445-1,69.0,31.510592
69.5,0.5,139.0,1.0,143360,1024,61,4,n446-1,69.0,31.510592
69.5,0.25,139.0,0.5,143360,512,69,1,n441-1,69.0,31.510592
69.75,0.25,139.5,0.5,143872,512,73,1,n442-1,69.0,31.510592
70.0,0.5,140.0,1.0,144384,1024,56,4,n456-1,70.0,31.910162
70.0,0.5,140.0,1.0,144384,1024,59,4,n457-1,70.0,31.910162
70.0,0.25,140.0,0.5,144384,512,74,1,n448-1,70.0,31.910162
70.25,0.25,140.5,0.5,144896,512,64,1,n449-1,70.0,31.910162
70.5,0.25,141.0,0.5,145408,512,68,1,n450-1,70.0,31.910162
70.75,0.25,141.5,0.5,145920,512,71,1,n451-1,70.0,31.910162
71.0,0.25,142.0,0.5,146432,512,76,1,n452-1,71.0,32.215717
71.25,0.25,142.5,0.5,146944,512,74,1,n453-1,71.0,32.215717
71.5,0.25,143.0,0.5,147456,512,73,1,n454-1,71.0,32.215717
71.75,0.25,143.5,0.5,147968,512,71,1,n455-1,71.0,32.215717
72.0,0.5,144.0,1.0,148480,1024,57,4,n467-1,72.0,32.602467
72.0,0.5,144.0,1.0,148480,1024,61,4,n468-1,72.0,32.602467
72.0,0.25,144.0,0.5,148480,512,73,1,n459-1,72.0,32.602467
72.25,0.25,144.5,0.5,148992,512,69,1,n460-1,72.0,32.602467
72.5,0.5,145.0,1.0,149504,1024,57,4,n469-1,72.0,32.602467
72.5,0.5,145.0,1.0,149504,1024,61,4,n470-1,72.0,32.602467
72.5,0.25,145.0,0.5,149504,512,68,1,n461-1,72.0,32.602467
72.75,0.25,145.5,0.5,150016,512,69,1,n462-1,72.0,32.602467
73.0,0.5,146.0,1.0,150528,1024,59,4,n471-1,73.0,32.99563
73.0,0.5,146.0,1.0,150528,1024,62,4,n472-1,73.0,32.99563
73.0,0.25,146.0,0.5,150528,512,74,1,n463-1,73.0,32.99563
73.25,0.25,146.5,0.5,151040,512,69,1,n464-1,73.0,32.99563
73.5,0.5,147.0,1.0,151552,1024,59,4,n473-1,73.0,32.99563
73.5,0.5,147.0,1.0,151552,1024,62,4,n474-1,73.0,32.99563
73.5,0.25,147.0,0.5,151552,512,68,1,n465-1,73.0,32.99563
73.75,0.25,147.5,0.5,152064,512,69,1,n466-1,73.0,32.99563
74.0,0.5,148.0,1.0,152576,1024,61,4,n483-1,74.0,33.384518
74.0,0.5,148.0,1.0,152576,1024,64,4,n484-1,74.0,33.384518
74.0,0.25,148.0,0.5,152576,512,76,1,n475-1,74.0,33.384518
74.25,0.25,148.5,0.5,153088,512,69,1,n476-1,74.0,33.384518
74.5,0.25,149.0,0.5,153600,512,68,1,n477-1,74.0,33.384518
74.75,0.25,149.5,0.5,154112,512,69,1,n478-1,74.0,33.384518
75.0,0.25,150.0,0.5,154624,512,71,1,n479-1,75.0,33.71678
75.25,0.25,150.5,0.5,155136,512,73,1,n480-1,75.0,33.71678
75.5,0.25,151.0,0.5,155648,512,74,1,n481-1,75.0,33.71678
75.75,0.25,151.5,0.5,156160,512,76,1,n482-1,75.0,33.71678
76.0,2.25,152.0,4.5,156672,4608,78,1,n487-1,76.0,34.09926
76.25,0.25,152.5,0.5,157184,512,62,4,n489-1,76.0,34.09926
76.5,0.25,153.0,0.5,157696,512,61,4,n490-1,76.0,34.09926
76.75,0.25,153.5,0.5,158208,512,62,4,n491-1,76.0,34.09926
77.0,0.25,154.0,0.5,158720,512,64,4,n492-1,77.0,34.466778
77.25,0.25,154.5,0.5,159232,512,66,4,n493-1,77.0,34.466778
77.5,0.25,155.0,0.5,159744,512,68,4,n494-1,77.0,34.466778
77.75,0.25,155.5,0.5,160256,512,69,4,n495-1,77.0,34.466778
78.0,2.25,156.0,4.5,160768,4608,71,4,n504-1,78.0,34.877033
78.25,0.25,156.5,0.5,161280,512,78,1,n497-1,78.0,34.877033
78.5,0.25,157.0,0.5,161792,512,77,1,n498-1,78.0,34.877033
78.75,0.25,157.5,0.5,162304,512,78,1,n499-1,78.0,34.877033
79.0,0.25,158.0,0.5,162816,512,80,1,n500-1,79.0,35.223186
79.25,0.25,158.5,0.5,163328,512,81,1,n501-1,79.0,35.223186
79.5,0.25,159.0,0.5,163840,512,83,1,n502-1,79.0,35.223186
79.75,0.25,159.5,0.5,164352,512,85,1,n503-1,79.0,35.223186
80.0,4.0,160.0,8.0,164864,8192,86,1,n505-1,80.0,35.60139
80.25,0.25,160.5,0.5,165376,512,71,4,n509-1,80.0,35.60139
80.5,0.25,161.0,0.5,165888,512,70,4,n510-1,80.0,35.60139
80.75,0.25,161.5,0.5,166400,512,71,4,n511-1,80.0,35.60139
81.0,0.25,162.0,0.5,166912,512,73,4,n512-1,81.0,35.997757
81.25,0.25,162.5,0.5,167424,512,74,4,n513-1,81.0,35.997757
81.5,0.25,163.0,0.5,167936,512,76,2,n506-1,81.0,35.997757
81.75,0.25,163.5,0.5,168448,512,78,2,n507-1,81.0,35.997757
82.0,2.0,164.0,4.0,168960,4096,80,1,n515-1,82.0,36.37169
82.25,0.25,164.5,0.5,169472,512,64,4,n518-1,82.0,36.37169
82.5,0.25,165.0,0.5,169984,512,63,4,n519-1,82.0,36.37169
82.75,0.25,165.5,0.5,170496,512,64,4,n520-1,82.0,36.37169
83.0,0.25,166.0,0.5,171008,512,66,4,n521-1,83.0,36.76271
83.25,0.25,166.5,0.5,171520,512,68,4,n522-1,83.0,36.76271
83.5,0.25,167.0,0.5,172032,512,69,4,n523-1,83.0,36.76271
83.75,0.25,167.5,0.5,172544,512,71,4,n524-1,83.0,36.76271
84.0,2.0,168.0,4.0,173056,4096,73,1,n525-1,84.0,37.13344
84.0,2.0,168.0,4.0,173056,4096,81,1,n526-1,84.0,37.13344
84.0,2.0,168.0,4.0,173056,4096,85,1,n527-1,84.0,37.13344
84.25,0.25,168.5,0.5,173568,512,57,4,n529-1,84.0,37.13344
84.5,0.25,169.0,0.5,174080,512,56,4,n530-1,84.0,37.13344
84.75,0.25,169.5,0.5,174592,512,57,4,n531-1,84.0,37.13344
85.0,0.25,170.0,0.5,175104,512,59,4,n532-1,85.0,37.529804
85.25,0.25,170.5,0.5,175616,512,61,4,n533-1,85.0,37.529804
85.5,0.25,171.0,0.5,176128,512,62,4,n534-1,85.0,37.529804
85.75,0.25,171.5,0.5,176640,512,64,4,n535-1,85.0,37.529804
86.0,0.25,172.0,0.5,177152,512,65,4,n541-1,86.0,37.92991
86.0,2.0,172.0,4.0,177152,4096,71,1,n536-1,86.0,37.92991
86.0,2.0,172.0,4.0,177152,4096,73,1,n537-1,86.0,37.92991
86.0,2.0,172.0,4.0,177152,4096,77,1,n538-1,86.0,37.92991
86.0,2.0,172.0,4.0,177152,4096,80,1,n539-1,86.0,37.92991
86.0,2.0,172.0,4.0,177152,4096,83,1,n540-1,86.0,37.92991
86.25,0.25,172.5,0.5,177664,512,49,4,n542-1,86.0,37.92991
86.5,0.25,173.0,0.5,178176,512,48,4,n543-1,86.0,37.92991
86.75,0.25,173.5,0.5,178688,512,49,4,n544-1,86.0,37.92991
87.0,0.25,174.0,0.5,179200,512,51,4,n545-1,87.0,38.362064
87.25,0.25,174.5,0.5,179712,512,53,4,n546-1,87.0,38.362064
87.5,0.25,175.0,0.5,180224,512,54,4,n547-1,87.0,38.362064
87.75,0.25,175.5,0.5,180736,512,56,4,n548-1,87.0,38.362064
88.0,0.25,176.0,0.5,181248,512,54,4,n558-1,88.0,38.74935
88.0,0.5,176.0,1.0,181248,1024,69,1,n549-1,88.0,38.74935
88.0,0.5,176.0,1.0,181248,1024,73,1,n550-1,88.0,38.74935
88.0,0.5,176.0,1.0,181248,1024,81,1,n551-1,88.0,38.74935
88.25,0.25,176.5,0.5,181760,512,57,4,n559-1,88.0,38.74935
88.5,0.25,177.0,0.5,182272,512,54,4,n560-1,88.0,38.74935
88.5,0.25,177.0,0.5,182272,512,80,1,n552-1,88.0,38.74935
88.75,0.25,177.5,0.5,182784,512,57,4,n561-1,88.0,38.74935
88.75,0.25,177.5,0.5,182784,512,78,1,n553-1,88.0,38.74935
89.0,0.25,178.0,0.5,183296,512,54,4,n562-1,89.0,39.17777
89.0,0.25,178.0,0.5,183296,512,76,1,n554-1,89.0,39.17777
89.25,0.25,178.5,0.5,183808,512,57,4,n563-1,89.0,39.17777
89.25,0.25,178.5,0.5,183808,512,75,1,n555-1,89.0,39.17777
89.5,0.25,179.0,0.5,184320,512,54,4,n564-1,89.0,39.17777
89.5,0.25,179.0,0.5,184320,512,73,1,n556-1,89.0,39.17777
89.75,0.25,179.5,0.5,184832,512,57,4,n565-1,89.0,39.17777
89.75,0.25,179.5,0.5,184832,512,71,1,n557-1,89.0,39.17777
90.0,0.25,180.0,0.5,185344,512,42,4,n574-1,90.0,39.530865
90.0,0.25,180.0,0.5,185344,512,69,1,n566-1,90.0,39.530865
90.25,0.25,180.5,0.5,185856,512,51,4,n575-1,90.0,39.530865
90.25,0.25,180.5,0.5,185856,512,68,1,n567-1,90.0,39.530865
90.5,0.25,181.0,0.5,186368,512,42,4,n576-1,90.0,39.530865
90.5,0.25,181.0,0.5,186368,512,66,1,n568-1,90.0,39.530865
90.75,0.25,181.5,0.5,186880,512,51,4,n577-1,90.0,39.530865
90.75,0.25,181.5,0.5,186880,512,64,1,n569-1,90.0,39.530865
91.0,0.25,182.0,0.5,187392,512,42,4,n578-1,91.0,39.885567
91.0,0.25,182.0,0.5,187392,512,63,1,n570-1,91.0,39.885567
91.25,0.25,182.5,0.5,187904,512,51,4,n579-1,91.0,39.885567
91.25,0.25,182.5,0.5,187904,512,61,1,n571-1,91.0,39.885567
91.5,0.25,183.0,0.5,188416,512,42,4,n580-1,91.0,39.885567
91.5,0.25,183.0,0.5,188416,512,59,1,n572-1,91.0,39.885567
91.75,0.25,183.5,0.5,188928,512,51,4,n581-1,91.0,39.885567
91.75,0.25,183.5,0.5,188928,512,57,1,n573-1,91.0,39.885567
92.0,0.25,184.0,0.5,189440,512,40,5,n591-1,92.0,40.258427
92.0,0.25,184.0,0.5,189440,512,56,4,n583-1,92.0,40.258427
92.25,0.25,184.5,0.5,189952,512,52,5,n592-1,92.0,40.258427
92.25,0.25,184.5,0.5,189952,512,54,4,n584-1,92.0,40.258427
92.5,0.25,185.0,0.5,190464,512,40,5,n593-1,92.0,40.258427
92.5,0.25,185.0,0.5,190464,512,52,4,n585-1,92.0,40.258427
92.75,0.25,185.5,0.5,190976,512,52,5,n594-1,92.0,40.258427
92.75,0.25,185.5,0.5,190976,512,54,4,n586-1,92.0,40.258427
93.0,0.25,186.0,0.5,191488,512,40,5,n595-1,93.0,40.610992
93.0,0.25,186.0,0.5,191488,512,56,4,n587-1,93.0,40.610992
93.25,0.25,186.5,0.5,192000,512,52,5,n596-1,93.0,40.610992
93.25,0.25,186.5,0.5,192000,512,57,4,n588-1,93.0,40.610992
93.5,0.25,187.0,0.5,192512,512,40,5,n597-1,93.0,40.610992
93.5,0.25,187.0,0.5,192512,512,59,4,n589-1,93.0,40.610992
93.75,0.25,187.5,0.5,193024,512,52,5,n598-1,93.0,40.610992
93.75,0.25,187.5,0.5,193024,512,61,4,n590-1,93.0,40.610992
94.0,0.25,188.0,0.5,193536,512,40,4,n607-1,94.0,40.98813
94.0,0.25,188.0,0.5,193536,512,62,1,n599-1,94.0,40.98813
94.25,0.25,188.5,0.5,194048,512,52,4,n608-1,94.0,40.98813
94.25,0.25,188.5,0.5,194048,512,61,1,n600-1,94.0,40.98813
94.5,0.25,189.0,0.5,194560,512,40,4,n609-1,94.0,40.98813
94.5,0.25,189.0,0.5,194560,512,59,1,n601-1,94.0,40.98813
94.75,0.25,189.5,0.5,195072,512,52,4,n610-1,94.0,40.98813
94.75,0.25,189.5,0.5,195072,512,61,1,n602-1,94.0,40.98813
95.0,0.25,190.0,0.5,195584,512,38,4,n611-1,95.0,41.356182
95.0,0.25,190.0,0.5,195584,512,62,1,n603-1,95.0,41.356182
95.25,0.25,190.5,0.5,196096,512,50,4,n612-1,95.0,41.356182
95.25,0.25,190.5,0.5,196096,512,64,1,n604-1,95.0,41.356182
95.5,0.25,191.0,0.5,196608,512,38,4,n613-1,95.0,41.356182
95.5,0.25,191.0,0.5,196608,512,66,1,n605-1,95.0,41.356182
95.75,0.25,191.5,0.5,197120,512,50,4,n614-1,95.0,41.356182
95.75,0.25,191.5,0.5,197120,512,68,1,n606-1,95.0,41.356182
96.0,0.25,192.0,0.5,197632,512,37,4,n623-1,96.0,41.72637
96.0,0.25,192.0,0.5,197632,512,69,1,n615-1,96.0,41.72637
96.25,0.25,192.5,0.5,198144,512,45,4,n624-1,96.0,41.72637
96.25,0.25,192.5,0.5,198144,512,70,1,n616-1,96.0,41.72637
96.5,0.25,193.0,0.5,198656,512,37,4,n625-1,96.0,41.72637
96.5,0.25,193.0,0.5,198656,512,71,1,n617-1,96.0,41.72637
96.75,0.25,193.5,0.5,199168,512,45,4,n626-1,96.0,41.72637
96.75,0.25,193.5,0.5,199168,512,72,1,n618-1,96.0,41.72637
97.0,0.25,194.0,0.5,199680,512,37,4,n627-1,97.0,42.090153
97.0,0.25,194.0,0.5,199680,512,73,1,n619-1,97.0,42.090153
97.25,0.25,194.5,0.5,200192,512,45,4,n628-1,97.0,42.090153
97.25,0.25,194.5,0.5,200192,512,74,1,n620-1,97.0,42.090153
97.5,0.25,195.0,0.5,200704,512,37,4,n629-1,97.0,42.090153
97.5,0.25,195.0,0.5,200704,512,75,1,n621-1,97.0,42.090153
97.75,0.25,195.5,0.5,201216,512,45,4,n630-1,97.0,42.090153
97.75,0.25,195.5,0.5,201216,512,76,1,n622-1,97.0,42.090153
98.0,0.25,196.0,0.5,201728,512,38,4,n639-1,98.0,42.448593
98.0,0.25,196.0,0.5,201728,512,77,1,n631-1,98.0,42.448593
98.25,0.25,196.5,0.5,202240,512,45,4,n640-1,98.0,42.448593
98.25,0.25,196.5,0.5,202240,512,78,1,n632-1,98.0,42.448593
98.5,0.25,197.0,0.5,202752,512,38,4,n641-1,98.0,42.448593
98.5,0.25,197.0,0.5,202752,512,79,1,n633-1,98.0,42.448593
98.75,0.25,197.5,0.5,203264,512,45,4,n642-1,98.0,42.448593
98.75,0.25,197.5,0.5,203264,512,80,1,n634-1,98.0,42.448593
99.0,0.25,198.0,0.5,203776,512,39,4,n643-1,99.0,42.816647
99.0,0.25,198.0,0.5,203776,512,81,1,n635-1,99.0,42.816647
99.25,0.25,198.5,0.5,204288,512,45,4,n644-1,99.0,42.816647
99.25,0.25,198.5,0.5,204288,512,82,1,n636-1,99.0,42.816647
99.5,0.25,199.0,0.5,204800,512,39,4,n645-1,99.0,42.816647
99.5,0.25,199.0,0.5,204800,512,83,1,n637-1,99.0,42.816647
99.75,0.25,199.5,0.5,205312,512,45,4,n646-1,99.0,42.816647
99.75,0.25,199.5,0.5,205312,512,84,1,n638-1,99.0,42.816647
100.0,0.25,200.0,0.5,205824,512,40,4,n652-1,100.0,43.17936
100.0,0.3334961,200.0,0.6669922,205824,683,85,1,n647-1,100.0,43.17936
100.25,0.25,200.5,0.5,206336,512,45,4,n653-1,100.0,43.17936
100.333496,0.3330078,200.66699,0.6660156,206507,682,86,1,n648-1,100.0,43.17936
100.5,0.25,201.0,0.5,206848,512,40,4,n654-1,100.0,43.17936
100.666504,0.3334961,201.33301,0.6669922,207189,683,87,1,n649-1,100.0,43.17936
100.75,0.25,201.5,0.5,207360,512,45,4,n655-1,100.0,43.17936
101.0,0.25,202.0,0.5,207872,512,40,4,n656-1,101.0,43.568783
101.0,0.5,202.0,1.0,207872,1024,88,1,n650-1,101.0,43.568783
101.25,0.25,202.5,0.5,208384,512,45,4,n657-1,101.0,43.568783
101.5,0.25,203.0,0.5,208896,512,40,4,n658-1,101.0,43.568783
101.5,0.5,203.0,1.0,208896,1024,69,1,n651-1,101.0,43.568783
101.75,0.25,203.5,0.5,209408,512,45,4,n659-1,101.0,43.568783
102.0,0.25,204.0,0.5,209920,512,40,4,n672-1,102.0,44.379143
102.0,2.0,204.0,4.0,209920,4096,71,1,n660-1,102.0,44.379143
102.18555,0.18164062,204.3711,0.36328125,210300,372,73,2,n662-1,102.0,44.379143
102.25,0.25,204.5,0.5,210432,512,45,4,n673-1,102.0,44.379143
102.36719,0.18164062,204.73438,0.36328125,210672,372,71,2,n663-1,102.0,44.379143
102.5,0.25,205.0,0.5,210944,512,40,4,n674-1,102.0,44.379143
102.54883,0.1821289,205.09766,0.3642578,211044,373,73,2,n664-1,102.0,44.379143
102.73096,0.18164062,205.46191,0.36328125,211417,372,71,2,n665-1,102.0,44.379143
102.75,0.25,205.5,0.5,211456,512,45,4,n675-1,102.0,44.379143
102.9126,0.18164062,205.8252,0.36328125,211789,372,73,2,n666-1,102.0,44.379143
103.0,0.25,206.0,0.5,211968,512,40,4,n676-1,103.0,44.706066
103.09424,0.1821289,206.18848,0.3642578,212161,373,71,2,n667-1,103.0,44.706066
103.25,0.25,206.5,0.5,212480,512,44,4,n677-1,103.0,44.706066
103.27637,0.18164062,206.55273,0.36328125,212534,372,73,2,n668-1,103.0,44.706066
103.45801,0.1821289,206.91602,0.3642578,212906,373,71,2,n669-1,103.0,44.706066
103.5,0.25,207.0,0.5,212992,512,40,4,n678-1,103.0,44.706066
103.64014,0.18164062,207.28027,0.36328125,213279,372,69,2,n670-1,103.0,44.706066
103.75,0.25,207.5,0.5,213504,512,44,4,n679-1,103.0,44.706066
103.82178,0.17822266,207.64355,0.3564453,213651,365,71,2,n671-1,103.0,44.706066
104.0,0.5,208.0,1.0,214016,1024,45,4,n686-1,104.0,45.032986
104.0,0.5,208.0,1.0,214016,1024,69,1,n680-1,104.0,45.032986
104.5,0.5,209.0,1.0,215040,1024,33,4,n687-1,104.0,45.032986
105.0,0.5,210.0,1.0,216064,1024,73,1,n683-1,105.0,45.35991
105.0,0.0,210.0,0.0,216064,0,74,1,n682-1,105.0,45.35991
105.5,0.5,211.0,1.0,217088,1024,57,4,n689-1,105.0,45.35991
105.5,0.5,211.0,1.0,217088,1024,61,4,n690-1,105.0,45.35991
105.5,0.25,211.0,0.5,217088,512,71,1,n684-1,105.0,45.35991
105.75,0.25,211.5,0.5,217600,512,69,1,n685-1,105.0,45.35991
106.0,0.5,212.0,1.0,218112,1024,59,4,n697-1,106.0,45.781918
106.0,0.5,212.0,1.0,218112,1024,62,4,n698-1,106.0,45.781918
106.0,0.5,212.0,1.0,218112,1024,68,1,n691-1,106.0,45.781918
106.5,0.5,213.0,1.0,219136,1024,52,4,n699-1,106.0,45.781918
106.5,0.5,213.0,1.0,219136,1024,64,1,n692-1,106.0,45.781918
107.0,0.5,214.0,1.0,220160,1024,73,1,n694-1,107.0,46.187897
107.0,0.0,214.0,0.0,220160,0,74,1,n693-1,107.0,46.187897
107.5,0.5,215.0,1.0,221184,1024,57,4,n701-1,107.0,46.187897
107.5,0.5,215.0,1.0,221184,1024,61,4,n702-1,107.0,46.187897
107.5,0.25,215.0,0.5,221184,512,71,1,n695-1,107.0,46.187897
107.75,0.25,215.5,0.5,221696,512,69,1,n696-1,107.0,46.187897
108.0,0.5,216.0,1.0,222208,1024,56,4,n709-1,108.0,46.59281
108.0,0.5,216.0,1.0,222208,1024,59,4,n710-1,108.0,46.59281
108.0,0.5,216.0,1.0,222208,1024,75,1,n703-1,108.0,46.59281
108.5,0.5,217.0,1.0,223232,1024,52,4,n711-1,108.0,46.59281
108.5,0.5,217.0,1.0,223232,1024,76,1,n704-1,108.0,46.59281
109.0,0.5,218.0,1.0,224256,1024,73,1,n706-1,109.0,47.055416
109.0,0.0,218.0,0.0,224256,0,74,1,n705-1,109.0,47.055416
109.5,0.5,219.0,1.0,225280,1024,57,4,n713-1,109.0,47.055416
109.5,0.5,219.0,1.0,225280,1024,61,4,n714-1,109.0,47.055416
109.5,0.25,219.0,0.5,225280,512,71,1,n707-1,109.0,47.055416
109.75,0.25,219.5,0.5,225792,512,69,1,n708-1,109.0,47.055416
110.0,0.5,220.0,1.0,226304,1024,59,4,n719-1,110.0,47.44003
110.0,0.5,220.0,1.0,226304,1024,62,4,n720-1,110.0,47.44003
110.0,0.5,220.0,1.0,226304,1024,68,1,n715-1,110.0,47.44003
110.5,0.5,221.0,1.0,227328,1024,52,4,n721-1,110.0,47.44003
110.5,0.5,221.0,1.0,227328,1024,64,1,n716-1,110.0,47.44003
111.0,0.5,222.0,1.0,228352,1024,78,1,n717-1,111.0,47.951782
111.5,0.5,223.0,1.0,229376,1024,54,4,n723-1,111.0,47.951782
111.5,0.5,223.0,1.0,229376,1024,66,1,n718-1,111.0,47.951782
112.0,0.5,224.0,1.0,230400,1024,74,1,n724-1,112.0,48.388744
112.5,0.5,225.0,1.0,231424,1024,50,4,n729-1,112.0,48.388744
112.5,0.5,225.0,1.0,231424,1024,62,1,n725-1,112.0,48.388744
113.0,0.5,226.0,1.0,232448,1024,71,1,n726-1,113.0,48.813957
113.5,0.5,227.0,1.0,233472,1024,47,4,n731-1,113.0,48.813957
113.5,0.5,227.0,1.0,233472,1024,59,1,n727-1,113.0,48.813957
114.0,0.5,228.0,1.0,234496,1024,68,1,n732-1,114.0,49.238102
114.5,0.5,229.0,1.0,235520,1024,44,4,n737-1,114.0,49.238102
114.5,0.5,229.0,1.0,235520,1024,56,1,n733-1,114.0,49.238102
115.0,0.5,230.0,1.0,236544,1024,69,1,n734-1,115.0,49.659042
115.5,0.5,231.0,1.0,237568,1024,45,4,n739-1,115.0,49.659042
115.5,0.5,231.0,1.0,237568,1024,57,1,n735-1,115.0,49.659042
116.0,0.5,232.0,1.0,238592,1024,62,1,n740-1,116.0,50.08105
116.5,0.5,233.0,1.0,239616,1024,38,4,n745-1,116.0,50.08105
116.5,0.5,233.0,1.0,239616,1024,50,1,n741-1,116.0,50.08105
117.0,0.5,234.0,1.0,240640,1024,64,1,n742-1,117.0,50.50519
117.5,0.5,235.0,1.0,241664,1024,40,4,n747-1,117.0,50.50519
117.5,0.5,235.0,1.0,241664,1024,52,1,n743-1,117.0,50.50519
118.0,0.5,236.0,1.0,242688,1024,45,5,n754-1,118.0,50.941624
118.0,0.5,236.0,1.0,242688,1024,57,4,n749-1,118.0,50.941624
118.5,0.5,237.0,1.0,243712,1024,33,5,n755-1,118.0,50.941624
119.0,0.5,238.0,1.0,244736,1024,84,4,n751-1,119.0,51.388737
119.0,0.0,238.0,0.0,244736,0,86,4,n750-1,119.0,51.388737
119.5,0.5,239.0,1.0,245760,1024,69,5,n756-1,119.0,51.388737
119.5,0.5,239.0,1.0,245760,1024,72,5,n757-1,119.0,51.388737
119.5,0.25,239.0,0.5,245760,512,83,4,n752-1,119.0,51.388737
119.75,0.25,239.5,0.5,246272,512,81,4,n753-1,119.0,51.388737
120.0,0.5,240.0,1.0,246784,1024,71,4,n764-1,120.0,51.776558
120.0,0.5,240.0,1.0,246784,1024,74,4,n765-1,120.0,51.776558
120.0,0.5,240.0,1.0,246784,1024,80,1,n758-1,120.0,51.776558
120.5,0.5,241.0,1.0,247808,1024,64,4,n766-1,120.0,51.776558
120.5,0.5,241.0,1.0,247808,1024,76,1,n759-1,120.0,51.776558
121.0,0.5,242.0,1.0,248832,1024,84,1,n761-1,121.0,52.179333
121.0,0.0,242.0,0.0,248832,0,86,1,n760-1,121.0,52.179333
121.5,0.5,243.0,1.0,249856,1024,69,4,n768-1,121.0,52.179333
121.5,0.5,243.0,1.0,249856,1024,72,4,n769-1,121.0,52.179333
121.5,0.25,243.0,0.5,249856,512,83,1,n762-1,121.0,52.179333
121.75,0.25,243.5,0.5,250368,512,81,1,n763-1,121.0,52.179333
122.0,0.5,244.0,1.0,250880,1024,68,4,n776-1,122.0,52.55647
122.0,0.5,244.0,1.0,250880,1024,71,4,n777-1,122.0,52.55647
122.0,0.5,244.0,1.0,250880,1024,87,1,n770-1,122.0,52.55647
122.5,0.5,245.0,1.0,251904,1024,64,4,n778-1,122.0,52.55647
122.5,0.5,245.0,1.0,251904,1024,88,1,n771-1,122.0,52.55647
123.0,0.5,246.0,1.0,252928,1024,84,1,n773-1,123.0,53.016937
123.0,0.0,246.0,0.0,252928,0,86,1,n772-1,123.0,53.016937
123.5,0.5,247.0,1.0,253952,1024,69,4,n780-1,123.0,53.016937
123.5,0.5,247.0,1.0,253952,1024,72,4,n781-1,123.0,53.016937
123.5,0.25,247.0,0.5,253952,512,83,1,n774-1,123.0,53.016937
123.75,0.25,247.5,0.5,254464,512,81,1,n775-1,123.0,53.016937
124.0,0.5,248.0,1.0,254976,1024,71,4,n786-1,124.0,53.3898
124.0,0.5,248.0,1.0,254976,1024,74,4,n787-1,124.0,53.3898
124.0,0.5,248.0,1.0,254976,1024,80,1,n782-1,124.0,53.3898
124.5,0.5,249.0,1.0,256000,1024,64,4,n788-1,124.0,53.3898
124.5,0.5,249.0,1.0,256000,1024,76,1,n783-1,124.0,53.3898
125.0,0.5,250.0,1.0,257024,1024,89,1,n784-1,125.0,53.91437
125.5,0.5,251.0,1.0,258048,1024,65,4,n790-1,125.0,53.91437
125.5,0.5,251.0,1.0,258048,1024,77,1,n785-1,125.0,53.91437
126.0,0.5,252.0,1.0,259072,1024,86,1,n791-1,126.0,54.319283
126.5,0.5,253.0,1.0,260096,1024,62,4,n796-1,126.0,54.319283
126.5,0.5,253.0,1.0,260096,1024,74,1,n792-1,126.0,54.319283
127.0,0.5,254.0,1.0,261120,1024,83,1,n793-1,127.0,54.738087
127.5,0.5,255.0,1.0,262144,1024,59,4,n798-1,127.0,54.738087
127.5,0.5,255.0,1.0,262144,1024,71,1,n794-1,127.0,54.738087
128.0,0.5,256.0,1.0,263168,1024,80,1,n799-1,128.0,55.171844
128.5,0.5,257.0,1.0,264192,1024,56,4,n803-1,128.0,55.171844
128.5,0.5,257.0,1.0,264192,1024,68,1,n800-1,128.0,55.171844
131.5,0.5,263.0,1.0,270336,1024,69,4,n809-1,131.0,56.892193
131.5,0.5,263.0,1.0,270336,1024,73,2,n806-1,131.0,56.892193
131.5,1.0,263.0,2.0,270336,2048,76,1,n805-1,131.0,56.892193
132.0,0.5,264.0,1.0,271360,1024,68,4,n815-1,132.0,57.46564
132.0,1.5,264.0,3.0,271360,3072,74,2,n813-1,132.0,57.46564
132.5,0.5,265.0,1.0,272384,1024,66,4,n816-1,132.0,57.46564
132.5,1.0,265.0,2.0,272384,2048,83,1,n811-1,132.0,57.46564
133.0,0.5,266.0,1.0,273408,1024,64,4,n817-1,133.0,57.862007
133.5,0.5,267.0,1.0,274432,1024,69,4,n818-1,133.0,57.862007
133.5,0.5,267.0,1.0,274432,1024,73,2,n814-1,133.0,57.862007
133.5,0.5,267.0,1.0,274432,1024,81,1,n812-1,133.0,57.862007
134.0,0.5,268.0,1.0,275456,1024,68,4,n824-1,134.0,58.28081
134.0,1.5,268.0,3.0,275456,3072,74,2,n822-1,134.0,58.28081
134.0,0.5,268.0,1.0,275456,1024,76,1,n819-1,134.0,58.28081
134.5,0.5,269.0,1.0,276480,1024,66,4,n825-1,134.0,58.28081
134.5,1.0,269.0,2.0,276480,2048,83,1,n820-1,134.0,58.28081
135.0,0.5,270.0,1.0,277504,1024,64,4,n826-1,135.0,58.66863
135.5,0.5,271.0,1.0,278528,1024,69,4,n827-1,135.0,58.66863
135.5,0.5,271.0,1.0,278528,1024,73,2,n823-1,135.0,58.66863
135.5,0.5,271.0,1.0,278528,1024,81,1,n821-1,135.0,58.66863
136.0,0.5,272.0,1.0,279552,1024,62,4,n834-1,136.0,59.10506
136.0,1.0,272.0,2.0,279552,2048,69,2,n830-1,136.0,59.10506
136.0,1.0,272.0,2.0,279552,2048,71,2,n831-1,136.0,59.10506
136.5,0.5,273.0,1.0,280576,1024,63,4,n835-1,136.0,59.10506
136.5,0.5,273.0,1.0,280576,1024,78,1,n828-1,136.0,59.10506
137.0,0.5,274.0,1.0,281600,1024,64,4,n836-1,137.0,59.504097
137.0,1.0,274.0,2.0,281600,2048,68,2,n832-1,137.0,59.504097
137.0,1.0,274.0,2.0,281600,2048,71,2,n833-1,137.0,59.504097
137.5,0.5,275.0,1.0,282624,1024,52,4,n837-1,137.0,59.504097
137.5,0.5,275.0,1.0,282624,1024,76,1,n829-1,137.0,59.504097
138.0,0.5,276.0,1.0,283648,1024,57,4,n847-1,138.0,59.932514
138.0,0.5,276.0,1.0,283648,1024,69,2,n844-1,138.0,59.932514
138.0,0.25,276.0,0.5,283648,512,73,1,n838-1,138.0,59.932514
138.25,0.25,276.5,0.5,284160,512,74,1,n839-1,138.0,59.932514
138.5,0.5,277.0,1.0,284672,1024,52,4,n848-1,138.0,59.932514
138.5,0.25,277.0,0.5,284672,512,73,1,n840-1,138.0,59.932514
138.75,0.25,277.5,0.5,285184,512,71,1,n841-1,138.0,59.932514
139.0,0.5,278.0,1.0,285696,1024,49,4,n849-1,139.0,60.31339
139.0,0.5,278.0,1.0,285696,1024,69,1,n842-1,139.0,60.31339
139.5,0.5,279.0,1.0,286720,1024,45,4,n850-1,139.0,60.31339
139.5,0.5,279.0,1.0,286720,1024,57,2,n845-1,139.0,60.31339
139.5,0.5,279.0,1.0,286720,1024,61,2,n846-1,139.0,60.31339
139.5,2.0,279.0,4.0,286720,4096,64,1,n843-1,139.0,60.31339
140.0,0.5,280.0,1.0,287744,1024,44,4,n857-1,140.0,60.835293
140.0,1.5,280.0,3.0,287744,3072,59,2,n853-1,140.0,60.835293
140.0,1.5,280.0,3.0,287744,3072,62,2,n854-1,140.0,60.835293
140.5,0.5,281.0,1.0,288768,1024,42,4,n858-1,140.0,60.835293
141.0,0.5,282.0,1.0,289792,1024,40,4,n859-1,141.0,61.218838
141.5,0.5,283.0,1.0,290816,1024,45,4,n860-1,141.0,61.218838
141.5,0.5,283.0,1.0,290816,1024,57,2,n855-1,141.0,61.218838
141.5,0.5,283.0,1.0,290816,1024,61,2,n856-1,141.0,61.218838
141.5,2.0,283.0,4.0,290816,4096,64,1,n852-1,141.0,61.218838
142.0,0.5,284.0,1.0,291840,1024,44,4,n866-1,142.0,61.657936
142.0,1.5,284.0,3.0,291840,3072,59,2,n864-1,142.0,61.657936
142.0,1.5,284.0,3.0,291840,3072,62,2,n865-1,142.0,61.657936
142.5,0.5,285.0,1.0,292864,1024,42,4,n867-1,142.0,61.657936
143.0,0.5,286.0,1.0,293888,1024,40,4,n868-1,143.0,62.075672
143.5,0.5,287.0,1.0,294912,1024,43,4,n869-1,143.0,62.075672
143.5,2.0,287.0,4.0,294912,4096,57,1,n862-1,143.0,62.075672
143.5,0.5,287.0,1.0,294912,1024,61,1,n863-1,143.0,62.075672
144.0,0.5,288.0,1.0,295936,1024,42,4,n874-1,144.0,62.508896
144.0,1.5,288.0,3.0,295936,3072,62,1,n871-1,144.0,62.508896
144.5,0.5,289.0,1.0,296960,1024,40,4,n875-1,144.0,62.508896
145.0,0.5,290.0,1.0,297984,1024,38,4,n876-1,145.0,62.928234
145.5,0.5,291.0,1.0,299008,1024,43,4,n877-1,145.0,62.928234
145.5,2.0,291.0,4.0,299008,4096,57,1,n872-1,145.0,62.928234
145.5,0.5,291.0,1.0,299008,1024,61,1,n873-1,145.0,62.928234
146.0,0.5,292.0,1.0,300032,1024,42,4,n882-1,146.0,63.348103
146.0,1.5,292.0,3.0,300032,3072,62,1,n879-1,146.0,63.348103
146.5,0.5,293.0,1.0,301056,1024,40,4,n883-1,146.0,63.348103
147.0,0.5,294.0,1.0,302080,1024,38,4,n884-1,147.0,63.774384
147.5,0.5,295.0,1.0,303104,1024,41,4,n885-1,147.0,63.774384
147.5,2.0,295.0,4.0,303104,4096,55,2,n881-1,147.0,63.774384
147.5,0.5,295.0,1.0,303104,1024,59,1,n880-1,147.0,63.774384
148.0,0.5,296.0,1.0,304128,1024,40,4,n892-1,148.0,64.2012
148.0,0.5,296.0,1.0,304128,1024,60,1,n886-1,148.0,64.2012
148.5,0.5,297.0,1.0,305152,1024,38,4,n893-1,148.0,64.2012
148.5,0.5,297.0,1.0,305152,1024,62,1,n887-1,148.0,64.2012
149.0,0.5,298.0,1.0,306176,1024,36,4,n894-1,149.0,64.61092
149.0,0.5,298.0,1.0,306176,1024,64,1,n888-1,149.0,64.61092
149.5,0.5,299.0,1.0,307200,1024,53,5,n896-1,149.0,64.61092
149.5,2.0,299.0,4.0,307200,4096,55,4,n895-1,149.0,64.61092
149.5,0.5,299.0,1.0,307200,1024,59,2,n891-1,149.0,64.61092
149.5,2.0,299.0,4.0,307200,4096,67,1,n889-1,149.0,64.61092
150.0,0.5,300.0,1.0,308224,1024,52,5,n905-1,150.0,65.06765
150.0,0.5,300.0,1.0,308224,1024,60,2,n899-1,150.0,65.06765
150.5,0.5,301.0,1.0,309248,1024,50,5,n906-1,150.0,65.06765
150.5,0.5,301.0,1.0,309248,1024,62,2,n900-1,150.0,65.06765
151.0,0.5,302.0,1.0,310272,1024,48,5,n907-1,151.0,65.47417
151.0,0.5,302.0,1.0,310272,1024,64,2,n901-1,151.0,65.47417
151.5,0.5,303.0,1.0,311296,1024,59,4,n904-1,151.0,65.47417
151.5,2.0,303.0,4.0,311296,4096,67,2,n902-1,151.0,65.47417
151.5,0.5,303.0,1.0,311296,1024,77,1,n898-1,151.0,65.47417
152.0,0.5,304.0,1.0,312320,1024,60,4,n914-1,152.0,65.90846
152.0,0.5,304.0,1.0,312320,1024,76,1,n908-1,152.0,65.90846
152.5,0.5,305.0,1.0,313344,1024,62,4,n915-1,152.0,65.90846
152.5,0.5,305.0,1.0,313344,1024,74,1,n909-1,152.0,65.90846
153.0,0.5,306.0,1.0,314368,1024,64,4,n916-1,153.0,66.29895
153.0,0.5,306.0,1.0,314368,1024,72,1,n910-1,153.0,66.29895
153.5,0.5,307.0,1.0,315392,1024,65,5,n918-1,153.0,66.29895
153.5,2.0,307.0,4.0,315392,4096,67,4,n917-1,153.0,66.29895
153.5,0.5,307.0,1.0,315392,1024,71,2,n913-1,153.0,66.29895
153.5,2.0,307.0,4.0,315392,4096,79,1,n911-1,153.0,66.29895
154.0,0.5,308.0,1.0,316416,1024,64,5,n927-1,154.0,66.74873
154.0,0.5,308.0,1.0,316416,1024,72,2,n921-1,154.0,66.74873
154.5,0.5,309.0,1.0,317440,1024,62,5,n928-1,154.0,66.74873
154.5,0.5,309.0,1.0,317440,1024,74,2,n922-1,154.0,66.74873
155.0,0.5,310.0,1.0,318464,1024,60,5,n929-1,155.0,67.17074
155.0,0.5,310.0,1.0,318464,1024,76,2,n923-1,155.0,67.17074
155.5,0.5,311.0,1.0,319488,1024,43,5,n930-1,155.0,67.17074
155.5,2.0,311.0,4.0,319488,4096,45,4,n926-1,155.0,67.17074
155.5,2.0,311.0,4.0,319488,4096,57,2,n924-1,155.0,67.17074
155.5,0.5,311.0,1.0,319488,1024,61,1,n920-1,155.0,67.17074
156.0,0.5,312.0,1.0,320512,1024,41,5,n939-1,156.0,67.60236
156.0,0.5,312.0,1.0,320512,1024,62,1,n931-1,156.0,67.60236
156.5,0.5,313.0,1.0,321536,1024,40,5,n940-1,156.0,67.60236
156.5,0.5,313.0,1.0,321536,1024,64,1,n932-1,156.0,67.60236
157.0,0.5,314.0,1.0,322560,1024,38,5,n941-1,157.0,68.00514
157.0,0.5,314.0,1.0,322560,1024,65,1,n933-1,157.0,68.00514
157.5,0.5,315.0,1.0,323584,1024,55,5,n942-1,157.0,68.00514
157.5,2.0,315.0,4.0,323584,4096,57,4,n938-1,157.0,68.00514
157.5,0.5,315.0,1.0,323584,1024,61,2,n936-1,157.0,68.00514
157.5,2.0,315.0,4.0,323584,4096,69,1,n934-1,157.0,68.00514
158.0,0.5,316.0,1.0,324608,1024,53,5,n951-1,158.0,68.457596
158.0,0.5,316.0,1.0,324608,1024,62,2,n945-1,158.0,68.457596
158.5,0.5,317.0,1.0,325632,1024,52,5,n952-1,158.0,68.457596
158.5,0.5,317.0,1.0,325632,1024,64,2,n946-1,158.0,68.457596
159.0,0.5,318.0,1.0,326656,1024,50,5,n953-1,159.0,68.86465
159.0,0.5,318.0,1.0,326656,1024,65,2,n947-1,159.0,68.86465
159.5,0.5,319.0,1.0,327680,1024,61,4,n950-1,159.0,68.86465
159.5,2.0,319.0,4.0,327680,4096,69,2,n948-1,159.0,68.86465
159.5,0.5,319.0,1.0,327680,1024,79,1,n944-1,159.0,68.86465
160.0,0.5,320.0,1.0,328704,1024,62,4,n960-1,160.0,69.28772
160.0,0.5,320.0,1.0,328704,1024,77,1,n954-1,160.0,69.28772
160.5,0.5,321.0,1.0,329728,1024,64,4,n961-1,160.0,69.28772
160.5,0.5,321.0,1.0,329728,1024,76,1,n955-1,160.0,69.28772
161.0,0.5,322.0,1.0,330752,1024,65,4,n962-1,161.0,69.68142
161.0,0.5,322.0,1.0,330752,1024,74,1,n956-1,161.0,69.68142
161.5,0.5,323.0,1.0,331776,1024,67,5,n964-1,161.0,69.68142
161.5,2.0,323.0,4.0,331776,4096,69,4,n963-1,161.0,69.68142
161.5,0.5,323.0,1.0,331776,1024,73,2,n959-1,161.0,69.68142
161.5,2.0,323.0,4.0,331776,4096,81,1,n957-1,161.0,69.68142
162.0,0.5,324.0,1.0,332800,1024,65,5,n973-1,162.0,70.11625
162.0,0.5,324.0,1.0,332800,1024,74,2,n967-1,162.0,70.11625
162.5,0.5,325.0,1.0,333824,1024,64,5,n974-1,162.0,70.11625
162.5,0.5,325.0,1.0,333824,1024,76,2,n968-1,162.0,70.11625
163.0,0.5,326.0,1.0,334848,1024,62,5,n975-1,163.0,70.53078
163.0,0.5,326.0,1.0,334848,1024,77,2,n969-1,163.0,70.53078
163.5,0.5,327.0,1.0,335872,1024,51,5,n976-1,163.0,70.53078
163.5,2.0,327.0,4.0,335872,4096,53,4,n972-1,163.0,70.53078
163.5,0.5,327.0,1.0,335872,1024,57,2,n970-1,163.0,70.53078
163.5,2.0,327.0,4.0,335872,4096,65,1,n966-1,163.0,70.53078
164.0,0.5,328.0,1.0,336896,1024,50,5,n985-1,164.0,70.989105
164.0,0.5,328.0,1.0,336896,1024,58,2,n979-1,164.0,70.989105
164.5,0.5,329.0,1.0,337920,1024,48,5,n986-1,164.0,70.989105
164.5,0.5,329.0,1.0,337920,1024,60,2,n980-1,164.0,70.989105
165.0,0.5,330.0,1.0,338944,1024,46,5,n987-1,165.0,71.380135
165.0,0.5,330.0,1.0,338944,1024,62,2,n981-1,165.0,71.380135
165.5,0.5,331.0,1.0,339968,1024,63,5,n988-1,165.0,71.380135
165.5,2.0,331.0,4.0,339968,4096,65,4,n984-1,165.0,71.380135
165.5,0.5,331.0,1.0,339968,1024,69,2,n982-1,165.0,71.380135
165.5,2.0,331.0,4.0,339968,4096,77,1,n978-1,165.0,71.380135
166.0,0.5,332.0,1.0,340992,1024,62,5,n997-1,166.0,71.83793
166.0,0.5,332.0,1.0,340992,1024,70,2,n991-1,166.0,71.83793
166.5,0.5,333.0,1.0,342016,1024,60,5,n998-1,166.0,71.83793
166.5,0.5,333.0,1.0,342016,1024,72,2,n992-1,166.0,71.83793
167.0,0.5,334.0,1.0,343040,1024,58,5,n999-1,167.0,72.2359
167.0,0.5,334.0,1.0,343040,1024,74,2,n993-1,167.0,72.2359
167.5,0.5,335.0,1.0,344064,1024,75,4,n996-1,167.0,72.2359
167.5,1.5,335.0,3.0,344064,3072,77,2,n994-1,167.0,72.2359
167.5,0.5,335.0,1.0,344064,1024,81,1,n990-1,167.0,72.2359
168.0,0.5,336.0,1.0,345088,1024,74,4,n1006-1,168.0,72.660576
168.0,0.5,336.0,1.0,345088,1024,82,1,n1000-1,168.0,72.660576
168.5,0.5,337.0,1.0,346112,1024,72,4,n1007-1,168.0,72.660576
168.5,0.5,337.0,1.0,346112,1024,84,1,n1001-1,168.0,72.660576
169.0,0.5,338.0,1.0,347136,1024,70,4,n1008-1,169.0,73.0703
169.0,0.5,338.0,1.0,347136,1024,82,2,n1004-1,169.0,73.0703
169.0,2.0,338.0,4.0,347136,4096,86,1,n1002-1,169.0,73.0703
169.5,0.5,339.0,1.0,348160,1024,69,4,n1009-1,169.0,73.0703
169.5,0.5,339.0,1.0,348160,1024,81,2,n1005-1,169.0,73.0703
170.0,0.5,340.0,1.0,349184,1024,68,4,n1017-1,170.0,73.45918
170.0,0.5,340.0,1.0,349184,1024,80,2,n1013-1,170.0,73.45918
170.5,0.5,341.0,1.0,350208,1024,66,4,n1018-1,170.0,73.45918
170.5,0.5,341.0,1.0,350208,1024,78,2,n1014-1,170.0,73.45918
171.0,0.5,342.0,1.0,351232,1024,64,4,n1019-1,171.0,73.862495
171.0,0.5,342.0,1.0,351232,1024,76,2,n1015-1,171.0,73.862495
171.0,1.0,342.0,2.0,351232,2048,80,1,n1011-1,171.0,73.862495
171.0,1.0,342.0,2.0,351232,2048,83,1,n1012-1,171.0,73.862495
171.5,0.5,343.0,1.0,352256,1024,62,4,n1020-1,171.0,73.862495
171.5,0.5,343.0,1.0,352256,1024,74,2,n1016-1,171.0,73.862495
172.0,0.5,344.0,1.0,353280,1024,61,4,n1025-1,172.0,74.26314
172.0,0.5,344.0,1.0,353280,1024,73,4,n1026-1,172.0,74.26314
172.0,2.0,344.0,4.0,353280,4096,76,1,n1021-1,172.0,74.26314
172.0,2.0,344.0,4.0,353280,4096,81,1,n1022-1,172.0,74.26314
172.0,2.0,344.0,4.0,353280,4096,85,1,n1023-1,172.0,74.26314
172.0,2.0,344.0,4.0,353280,4096,88,1,n1024-1,172.0,74.26314
172.5,0.5,345.0,1.0,354304,1024,59,4,n1027-1,172.0,74.26314
172.5,0.5,345.0,1.0,354304,1024,71,4,n1028-1,172.0,74.26314
173.0,0.5,346.0,1.0,355328,1024,57,4,n1029-1,173.0,74.67606
173.0,0.5,346.0,1.0,355328,1024,69,4,n1030-1,173.0,74.67606
173.5,0.5,347.0,1.0,356352,1024,56,4,n1031-1,173.0,74.67606
173.5,0.5,347.0,1.0,356352,1024,68,4,n1032-1,173.0,74.67606
174.0,0.5,348.0,1.0,357376,1024,54,4,n1037-1,174.0,75.07723
174.0,0.5,348.0,1.0,357376,1024,66,4,n1038-1,174.0,75.07723
174.0,2.0,348.0,4.0,357376,4096,69,1,n1033-1,174.0,75.07723
174.0,2.0,348.0,4.0,357376,4096,73,1,n1034-1,174.0,75.07723
174.0,2.0,348.0,4.0,357376,4096,78,1,n1035-1,174.0,75.07723
174.0,2.0,348.0,4.0,357376,4096,81,1,n1036-1,174.0,75.07723
174.5,0.5,349.0,1.0,358400,1024,52,4,n1039-1,174.0,75.07723
174.5,0.5,349.0,1.0,358400,1024,64,4,n1040-1,174.0,75.07723
175.0,0.5,350.0,1.0,359424,1024,50,4,n1041-1,175.0,75.46933
175.0,0.5,350.0,1.0,359424,1024,62,4,n1042-1,175.0,75.46933
175.5,0.5,351.0,1.0,360448,1024,49,4,n1043-1,175.0,75.46933
175.5,0.5,351.0,1.0,360448,1024,61,4,n1044-1,175.0,75.46933
176.0,0.5,352.0,1.0,361472,1024,47,4,n1049-1,176.0,75.867294
176.0,0.5,352.0,1.0,361472,1024,59,4,n1050-1,176.0,75.867294
176.0,2.0,352.0,4.0,361472,4096,74,1,n1045-1,176.0,75.867294
176.0,2.0,352.0,4.0,361472,4096,78,1,n1046-1,176.0,75.867294
176.0,2.0,352.0,4.0,361472,4096,83,1,n1047-1,176.0,75.867294
176.0,2.0,352.0,4.0,361472,4096,86,1,n1048-1,176.0,75.867294
176.5,0.5,353.0,1.0,362496,1024,45,4,n1051-1,176.0,75.867294
176.5,0.5,353.0,1.0,362496,1024,57,4,n1052-1,176.0,75.867294
177.0,0.5,354.0,1.0,363520,1024,44,4,n1053-1,177.0,76.244965
177.0,0.5,354.0,1.0,363520,1024,56,4,n1054-1,177.0,76.244965
177.5,0.5,355.0,1.0,364544,1024,42,4,n1055-1,177.0,76.244965
177.5,0.5,355.0,1.0,364544,1024,54,4,n1056-1,177.0,76.244965
178.0,0.5,356.0,1.0,365568,1024,40,4,n1061-1,178.0,76.64774
178.0,0.5,356.0,1.0,365568,1024,52,4,n1062-1,178.0,76.64774
178.0,2.0,356.0,4.0,365568,4096,59,1,n1057-1,178.0,76.64774
178.0,2.0,356.0,4.0,365568,4096,64,1,n1058-1,178.0,76.64774
178.0,2.0,356.0,4.0,365568,4096,68,1,n1059-1,178.0,76.64774
178.0,2.0,356.0,4.0,365568,4096,71,1,n1060-1,178.0,76.64774
178.5,0.5,357.0,1.0,366592,1024,38,4,n1063-1,178.0,76.64774
178.5,0.5,357.0,1.0,366592,1024,50,4,n1064-1,178.0,76.64774
179.0,0.5,358.0,1.0,367616,1024,37,4,n1065-1,179.0,77.04358
179.0,0.5,358.0,1.0,367616,1024,49,4,n1066-1,179.0,77.04358
179.5,0.5,359.0,1.0,368640,1024,35,4,n1067-1,179.0,77.04358
179.5,0.5,359.0,1.0,368640,1024,47,4,n1068-1,179.0,77.04358
180.0,0.5,360.0,1.0,369664,1024,33,4,n1077-1,180.0,77.435135
180.0,0.5,360.0,1.0,369664,1024,45,4,n1078-1,180.0,77.435135
180.0,1.5,360.0,3.0,369664,3072,64,1,n1069-1,180.0,77.435135
180.0,1.5,360.0,3.0,369664,3072,69,1,n1070-1,180.0,77.435135
180.0,1.5,360.0,3.0,369664,3072,73,1,n1071-1,180.0,77.435135
180.0,1.5,360.0,3.0,369664,3072,76,1,n1072-1,180.0,77.435135
180.5,0.5,361.0,1.0,370688,1024,35,4,n1079-1,180.0,77.435135
180.5,0.5,361.0,1.0,370688,1024,47,4,n1080-1,180.0,77.435135
181.0,0.5,362.0,1.0,371712,1024,37,4,n1081-1,181.0,77.836845
181.0,0.5,362.0,1.0,371712,1024,49,4,n1082-1,181.0,77.836845
181.5,0.5,363.0,1.0,372736,1024,38,4,n1083-1,181.0,77.836845
181.5,0.5,363.0,1.0,372736,1024,50,4,n1084-1,181.0,77.836845
181.5,1.0,363.0,2.0,372736,2048,62,1,n1073-1,181.0,77.836845
181.5,1.0,363.0,2.0,372736,2048,66,1,n1074-1,181.0,77.836845
181.5,1.0,363.0,2.0,372736,2048,71,1,n1075-1,181.0,77.836845
181.5,1.0,363.0,2.0,372736,2048,74,1,n1076-1,181.0,77.836845
182.0,0.5,364.0,1.0,373760,1024,40,4,n1097-1,182.0,78.228935
182.0,0.5,364.0,1.0,373760,1024,52,4,n1098-1,182.0,78.228935
182.5,1.0,365.0,2.0,374784,2048,61,1,n1089-1,182.0,78.228935
182.5,1.0,365.0,2.0,374784,2048,64,1,n1090-1,182.0,78.228935
182.5,1.0,365.0,2.0,374784,2048,69,1,n1091-1,182.0,78.228935
182.5,1.0,365.0,2.0,374784,2048,73,1,n1092-1,182.0,78.228935
183.0,0.5,366.0,1.0,375808,1024,40,4,n1100-1,183.0,78.63118
183.0,0.5,366.0,1.0,375808,1024,52,4,n1101-1,183.0,78.63118
183.5,0.5,367.0,1.0,376832,1024,59,1,n1093-1,183.0,78.63118
183.5,0.5,367.0,1.0,376832,1024,62,1,n1094-1,183.0,78.63118
183.5,0.5,367.0,1.0,376832,1024,64,1,n1095-1,183.0,78.63118
183.5,0.5,367.0,1.0,376832,1024,68,1,n1096-1,183.0,78.63118
184.0,0.25,368.0,0.5,377856,512,33,4,n1111-1,184.0,79.05532
184.0,0.5,368.0,1.0,377856,1024,57,1,n1103-1,184.0,79.05532
184.0,0.5,368.0,1.0,377856,1024,61,1,n1104-1,184.0,79.05532
184.0,0.5,368.0,1.0,377856,1024,64,1,n1105-1,184.0,79.05532
184.0,0.5,368.0,1.0,377856,1024,69,1,n1106-1,184.0,79.05532
184.25,0.25,368.5,0.5,378368,512,45,4,n1112-1,184.0,79.05532
184.5,0.25,369.0,0.5,378880,512,44,4,n1113-1,184.0,79.05532
184.75,0.25,369.5,0.5,379392,512,45,4,n1114-1,184.0,79.05532
185.0,0.25,370.0,0.5,379904,512,44,4,n1115-1,185.0,79.443146
185.25,0.25,370.5,0.5,380416,512,45,4,n1116-1,185.0,79.443146
185.5,0.25,371.0,0.5,380928,512,44,4,n1117-1,185.0,79.443146
185.5,0.5,371.0,1.0,380928,1024,69,1,n1109-1,185.0,79.443146
185.5,0.5,371.0,1.0,380928,1024,81,1,n1110-1,185.0,79.443146
185.75,0.25,371.5,0.5,381440,512,45,4,n1118-1,185.0,79.443146
186.0,0.25,372.0,0.5,381952,512,35,4,n1127-1,186.0,79.83951
186.0,0.5,372.0,1.0,381952,1024,67,1,n1119-1,186.0,79.83951
186.0,0.5,372.0,1.0,381952,1024,79,1,n1120-1,186.0,79.83951
186.25,0.25,372.5,0.5,382464,512,45,4,n1128-1,186.0,79.83951
186.5,0.25,373.0,0.5,382976,512,44,4,n1129-1,186.0,79.83951
186.5,0.5,373.0,1.0,382976,1024,64,1,n1121-1,186.0,79.83951
186.5,0.5,373.0,1.0,382976,1024,76,1,n1122-1,186.0,79.83951
186.75,0.25,373.5,0.5,383488,512,45,4,n1130-1,186.0,79.83951
187.0,0.25,374.0,0.5,384000,512,37,4,n1131-1,187.0,80.19367
187.0,0.5,374.0,1.0,384000,1024,69,1,n1123-1,187.0,80.19367
187.0,0.5,374.0,1.0,384000,1024,81,1,n1124-1,187.0,80.19367
187.25,0.25,374.5,0.5,384512,512,45,4,n1132-1,187.0,80.19367
187.5,0.25,375.0,0.5,385024,512,44,4,n1133-1,187.0,80.19367
187.5,0.5,375.0,1.0,385024,1024,67,1,n1125-1,187.0,80.19367
187.5,0.5,375.0,1.0,385024,1024,79,1,n1126-1,187.0,80.19367
187.75,0.25,375.5,0.5,385536,512,45,4,n1134-1,187.0,80.19367
188.0,0.25,376.0,0.5,386048,512,38,4,n1143-1,188.0,80.55639
188.0,0.5,376.0,1.0,386048,1024,66,1,n1135-1,188.0,80.55639
188.0,0.5,376.0,1.0,386048,1024,78,1,n1136-1,188.0,80.55639
188.25,0.25,376.5,0.5,386560,512,45,4,n1144-1,188.0,80.55639
188.5,0.25,377.0,0.5,387072,512,44,4,n1145-1,188.0,80.55639
188.5,0.5,377.0,1.0,387072,1024,64,1,n1137-1,188.0,80.55639
188.5,0.5,377.0,1.0,387072,1024,76,1,n1138-1,188.0,80.55639
188.75,0.25,377.5,0.5,387584,512,45,4,n1146-1,188.0,80.55639
189.0,0.25,378.0,0.5,388096,512,40,4,n1147-1,189.0,80.93566
189.0,0.5,378.0,1.0,388096,1024,62,1,n1139-1,189.0,80.93566
189.0,0.5,378.0,1.0,388096,1024,74,1,n1140-1,189.0,80.93566
189.25,0.25,378.5,0.5,388608,512,45,4,n1148-1,189.0,80.93566
189.5,0.25,379.0,0.5,389120,512,44,4,n1149-1,189.0,80.93566
189.5,0.5,379.0,1.0,389120,1024,61,1,n1141-1,189.0,80.93566
189.5,0.5,379.0,1.0,389120,1024,73,1,n1142-1,189.0,80.93566
189.75,0.25,379.5,0.5,389632,512,45,4,n1150-1,189.0,80.93566
190.0,0.25,380.0,0.5,390144,512,42,4,n1159-1,190.0,81.30318
190.0,0.5,380.0,1.0,390144,1024,62,1,n1151-1,190.0,81.30318
190.0,0.5,380.0,1.0,390144,1024,74,1,n1152-1,190.0,81.30318
190.25,0.25,380.5,0.5,390656,512,45,4,n1160-1,190.0,81.30318
190.5,0.25,381.0,0.5,391168,512,44,4,n1161-1,190.0,81.30318
190.5,0.5,381.0,1.0,391168,1024,59,1,n1153-1,190.0,81.30318
190.5,0.5,381.0,1.0,391168,1024,71,1,n1154-1,190.0,81.30318
190.75,0.25,381.5,0.5,391680,512,45,4,n1162-1,190.0,81.30318
191.0,0.25,382.0,0.5,392192,512,44,4,n1163-1,191.0,81.68138
191.0,0.5,382.0,1.0,392192,1024,64,1,n1155-1,191.0,81.68138
191.0,0.5,382.0,1.0,392192,1024,76,1,n1156-1,191.0,81.68138
191.25,0.25,382.5,0.5,392704,512,45,4,n1164-1,191.0,81.68138
191.5,0.25,383.0,0.5,393216,512,44,4,n1165-1,191.0,81.68138
191.5,0.5,383.0,1.0,393216,1024,62,1,n1157-1,191.0,81.68138
191.5,0.5,383.0,1.0,393216,1024,74,1,n1158-1,191.0,81.68138
191.75,0.25,383.5,0.5,393728,512,45,4,n1166-1,191.0,81.68138
192.0,0.0,384.0,0.0,394240,0,33,4,n1176-1,192.0,82.042496
192.0,8.0,384.0,16.0,394240,16384,45,4,n1177-1,192.0,82.042496
192.0,0.25,384.0,0.5,394240,512,61,1,n1167-1,192.0,82.042496
192.0,0.25,384.0,0.5,394240,512,73,1,n1168-1,192.0,82.042496
192.25,0.25,384.5,0.5,394752,512,69,1,n1169-1,192.0,82.042496
192.5,0.25,385.0,0.5,395264,512,68,1,n1170-1,192.0,82.042496
192.75,0.25,385.5,0.5,395776,512,69,1,n1171-1,192.0,82.042496
193.0,0.25,386.0,0.5,396288,512,71,1,n1172-1,193.0,82.42818
193.25,0.25,386.5,0.5,396800,512,69,1,n1173-1,193.0,82.42818
193.5,0.5,387.0,1.0,397312,1024,57,5,n1178-1,193.0,82.42818
193.5,0.25,387.0,0.5,397312,512,68,1,n1174-1,193.0,82.42818
193.75,0.25,387.5,0.5,397824,512,69,1,n1175-1,193.0,82.42818
194.0,0.5,388.0,1.0,398336,1024,55,5,n1188-1,194.0,82.82882
194.0,0.25,388.0,0.5,398336,512,59,1,n1179-1,194.0,82.82882
194.25,0.25,388.5,0.5,398848,512,71,1,n1180-1,194.0,82.82882
194.5,0.5,389.0,1.0,399360,1024,52,5,n1189-1,194.0,82.82882
194.5,0.25,389.0,0.5,399360,512,70,1,n1181-1,194.0,82.82882
194.75,0.25,389.5,0.5,399872,512,71,1,n1182-1,194.0,82.82882
195.0,0.5,390.0,1.0,400384,1024,57,5,n1190-1,195.0,83.19847
195.0,0.25,390.0,0.5,400384,512,61,1,n1183-1,195.0,83.19847
195.25,0.25,390.5,0.5,400896,512,73,1,n1184-1,195.0,83.19847
195.5,0.5,391.0,1.0,401408,1024,55,5,n1191-1,195.0,83.19847
195.5,0.25,391.0,0.5,401408,512,72,1,n1185-1,195.0,83.19847
195.75,0.25,391.5,0.5,401920,512,73,1,n1186-1,195.0,83.19847
196.0,0.5,392.0,1.0,402432,1024,54,5,n1201-1,196.0,83.57454
196.0,0.25,392.0,0.5,402432,512,62,1,n1192-1,196.0,83.57454
196.25,0.25,392.5,0.5,402944,512,74,1,n1193-1,196.0,83.57454
196.5,0.5,393.0,1.0,403456,1024,52,5,n1202-1,196.0,83.57454
196.5,0.25,393.0,0.5,403456,512,73,1,n1194-1,196.0,83.57454
196.75,0.25,393.5,0.5,403968,512,74,1,n1195-1,196.0,83.57454
197.0,0.5,394.0,1.0,404480,1024,50,5,n1203-1,197.0,83.95274
197.0,0.25,394.0,0.5,404480,512,64,1,n1196-1,197.0,83.95274
197.25,0.25,394.5,0.5,404992,512,76,1,n1197-1,197.0,83.95274
197.5,0.5,395.0,1.0,405504,1024,49,5,n1204-1,197.0,83.95274
197.5,0.25,395.0,0.5,405504,512,75,1,n1198-1,197.0,83.95274
197.75,0.25,395.5,0.5,406016,512,76,1,n1199-1,197.0,83.95274
198.0,0.5,396.0,1.0,406528,1024,50,5,n1214-1,198.0,84.318665
198.0,0.25,396.0,0.5,406528,512,66,1,n1205-1,198.0,84.318665
198.25,0.25,396.5,0.5,407040,512,78,1,n1206-1,198.0,84.318665
198.5,0.5,397.0,1.0,407552,1024,47,5,n1215-1,198.0,84.318665
198.5,0.25,397.0,0.5,407552,512,77,1,n1207-1,198.0,84.318665
198.75,0.25,397.5,0.5,408064,512,78,1,n1208-1,198.0,84.318665
199.0,0.5,398.0,1.0,408576,1024,52,5,n1216-1,199.0,84.689384
199.0,0.25,398.0,0.5,408576,512,68,1,n1209-1,199.0,84.689384
199.25,0.25,398.5,0.5,409088,512,80,1,n1210-1,199.0,84.689384
199.5,0.5,399.0,1.0,409600,1024,50,5,n1217-1,199.0,84.689384
199.5,0.25,399.0,0.5,409600,512,79,1,n1211-1,199.0,84.689384
199.75,0.25,399.5,0.5,410112,512,80,1,n1212-1,199.0,84.689384
200.0,8.0,400.0,16.0,410624,16384,33,5,n1227-1,200.0,85.102844
200.0,0.25,400.0,0.5,410624,512,69,1,n1218-1,200.0,85.102844
200.25,0.25,400.5,0.5,411136,512,81,1,n1219-1,200.0,85.102844
200.5,0.25,401.0,0.5,411648,512,80,1,n1220-1,200.0,85.102844
200.75,0.25,401.5,0.5,412160,512,81,1,n1221-1,200.0,85.102844
201.0,0.25,402.0,0.5,412672,512,83,1,n1222-1,201.0,85.46983
201.25,0.25,402.5,0.5,413184,512,81,1,n1223-1,201.0,85.46983
201.5,0.5,403.0,1.0,413696,1024,45,4,n1226-1,201.0,85.46983
201.5,0.25,403.0,0.5,413696,512,80,1,n1224-1,201.0,85.46983
201.75,0.25,403.5,0.5,414208,512,81,1,n1225-1,201.0,85.46983
202.0,0.5,404.0,1.0,414720,1024,43,4,n1236-1,202.0,85.87208
202.0,0.25,404.0,0.5,414720,512,71,1,n1228-1,202.0,85.87208
202.25,0.25,404.5,0.5,415232,512,83,1,n1229-1,202.0,85.87208
202.5,0.5,405.0,1.0,415744,1024,40,4,n1237-1,202.0,85.87208
202.5,0.25,405.0,0.5,415744,512,82,1,n1230-1,202.0,85.87208
202.75,0.25,405.5,0.5,416256,512,83,1,n1231-1,202.0,85.87208
203.0,0.5,406.0,1.0,416768,1024,45,4,n1238-1,203.0,86.238525
203.0,0.25,406.0,0.5,416768,512,73,1,n1232-1,203.0,86.238525
203.25,0.25,406.5,0.5,417280,512,85,1,n1233-1,203.0,86.238525
203.5,0.5,407.0,1.0,417792,1024,43,4,n1239-1,203.0,86.238525
203.5,0.25,407.0,0.5,417792,512,84,1,n1234-1,203.0,86.238525
203.75,0.25,407.5,0.5,418304,512,85,1,n1235-1,203.0,86.238525
204.0,0.5,408.0,1.0,418816,1024,42,4,n1249-1,204.0,86.5943
204.0,0.25,408.0,0.5,418816,512,74,1,n1241-1,204.0,86.5943
204.25,0.25,408.5,0.5,419328,512,86,1,n1242-1,204.0,86.5943
204.5,0.5,409.0,1.0,419840,1024,40,4,n1250-1,204.0,86.5943
204.5,0.25,409.0,0.5,419840,512,85,1,n1243-1,204.0,86.5943
204.75,0.25,409.5,0.5,420352,512,86,1,n1244-1,204.0,86.5943
205.0,0.5,410.0,1.0,420864,1024,38,4,n1251-1,205.0,86.97036
205.0,0.25,410.0,0.5,420864,512,76,1,n1245-1,205.0,86.97036
205.25,0.25,410.5,0.5,421376,512,88,1,n1246-1,205.0,86.97036
205.5,0.5,411.0,1.0,421888,1024,37,4,n1252-1,205.0,86.97036
205.5,0.25,411.0,0.5,421888,512,87,1,n1247-1,205.0,86.97036
205.75,0.25,411.5,0.5,422400,512,88,1,n1248-1,205.0,86.97036
206.0,0.5,412.0,1.0,422912,1024,38,4,n1262-1,206.0,87.33628
206.0,0.25,412.0,0.5,422912,512,78,1,n1254-1,206.0,87.33628
206.25,0.25,412.5,0.5,423424,512,88,1,n1255-1,206.0,87.33628
206.5,0.5,413.0,1.0,423936,1024,35,4,n1263-1,206.0,87.33628
206.5,0.25,413.0,0.5,423936,512,87,1,n1256-1,206.0,87.33628
206.75,0.25,413.5,0.5,424448,512,88,1,n1257-1,206.0,87.33628
207.0,0.5,414.0,1.0,424960,1024,40,4,n1264-1,207.0,87.735855
207.0,0.25,414.0,0.5,424960,512,80,1,n1258-1,207.0,87.735855
207.25,0.25,414.5,0.5,425472,512,88,1,n1259-1,207.0,87.735855
207.5,0.5,415.0,1.0,425984,1024,38,4,n1265-1,207.0,87.735855
207.5,0.25,415.0,0.5,425984,512,87,1,n1260-1,207.0,87.735855
207.75,0.25,415.5,0.5,426496,512,88,1,n1261-1,207.0,87.735855
208.0,0.5,416.0,1.0,427008,1024,33,5,n1272-1,208.0,88.14076
208.0,0.5,416.0,1.0,427008,1024,37,4,n1270-1,208.0,88.14076
208.0,0.5,416.0,1.0,427008,1024,81,1,n1267-1,208.0,88.14076
209.0,1.0,418.0,2.0,429056,2048,64,4,n1271-1,209.0,89.065445
209.0,1.0,418.0,2.0,429056,2048,76,1,n1269-1,209.0,89.065445
210.0,1.0,420.0,2.0,431104,2048,66,4,n1275-1,210.0,89.49493
210.0,1.0,420.0,2.0,431104,2048,78,1,n1273-1,210.0,89.49493
211.0,1.0,422.0,2.0,433152,2048,59,4,n1276-1,211.0,89.92869
211.0,1.0,422.0,2.0,433152,2048,71,1,n1274-1,211.0,89.92869
212.0,1.0,424.0,2.0,435200,2048,64,4,n1280-1,212.0,90.33627
212.0,1.0,424.0,2.0,435200,2048,76,1,n1277-1,212.0,90.33627
213.0,1.0,426.0,2.0,437248,2048,54,4,n1281-1,213.0,90.79407
213.0,1.0,426.0,2.0,437248,2048,61,4,n1282-1,213.0,90.79407
213.0,2.0,426.0,4.0,437248,4096,66,1,n1278-1,213.0,90.79407
213.0,1.0,426.0,2.0,437248,2048,70,1,n1279-1,213.0,90.79407
214.0,1.0,428.0,2.0,439296,2048,50,5,n1289-1,214.0,91.21234
214.0,2.0,428.0,4.0,439296,4096,59,4,n1287-1,214.0,91.21234
214.0,1.0,428.0,2.0,439296,2048,74,1,n1284-1,214.0,91.21234
215.0,1.0,430.0,2.0,441344,2048,52,5,n1290-1,215.0,91.640755
215.0,1.0,430.0,2.0,441344,2048,62,1,n1285-1,215.0,91.640755
215.0,1.0,430.0,2.0,441344,2048,68,1,n1286-1,215.0,91.640755
216.0,1.0,432.0,2.0,443392,2048,45,4,n1294-1,216.0,92.1039
216.0,1.0,432.0,2.0,443392,2048,57,4,n1295-1,216.0,92.1039
216.0,1.0,432.0,2.0,443392,2048,61,1,n1291-1,216.0,92.1039
216.0,1.0,432.0,2.0,443392,2048,69,1,n1292-1,216.0,92.1039
217.0,1.0,434.0,2.0,445440,2048,53,4,n1296-1,217.0,92.556885
217.0,1.0,434.0,2.0,445440,2048,65,1,n1293-1,217.0,92.556885
218.0,1.0,436.0,2.0,447488,2048,54,4,n1299-1,218.0,92.97782
218.0,1.0,436.0,2.0,447488,2048,66,1,n1297-1,218.0,92.97782
219.0,1.0,438.0,2.0,449536,2048,47,4,n1300-1,219.0,93.37793
219.0,1.0,438.0,2.0,449536,2048,59,1,n1298-1,219.0,93.37793
220.0,1.0,440.0,2.0,451584,2048,52,4,n1304-1,220.0,93.80582
220.0,1.0,440.0,2.0,451584,2048,64,1,n1301-1,220.0,93.80582
221.0,1.0,442.0,2.0,453632,2048,42,4,n1305-1,221.0,94.22889
221.0,1.0,442.0,2.0,453632,2048,49,4,n1306-1,221.0,94.22889
221.0,1.0,442.0,2.0,453632,2048,54,1,n1302-1,221.0,94.22889
221.0,1.0,442.0,2.0,453632,2048,58,1,n1303-1,221.0,94.22889
222.0,1.0,444.0,2.0,455680,2048,38,6,n1313-1,222.0,94.63861
222.0,2.0,444.0,4.0,455680,4096,47,5,n1312-1,222.0,94.63861
222.0,1.0,444.0,2.0,455680,2048,54,4,n1308-1,222.0,94.63861
222.0,1.0,444.0,2.0,455680,2048,62,4,n1309-1,222.0,94.63861
223.0,1.0,446.0,2.0,457728,2048,40,6,n1314-1,223.0,95.08626
223.0,1.0,446.0,2.0,457728,2048,50,4,n1310-1,223.0,95.08626
223.0,1.0,446.0,2.0,457728,2048,56,4,n1311-1,223.0,95.08626
224.0,2.0,448.0,4.0,459776,4096,33,6,n1319-1,224.0,95.637535
224.0,1.0,448.0,2.0,459776,2048,49,4,n1316-1,224.0,95.637535
224.0,1.0,448.0,2.0,459776,2048,57,4,n1317-1,224.0,95.637535
225.5,0.5,451.0,1.0,462848,1024,45,5,n1318-1,225.0,96.04886
226.0,2.0,452.0,4.0,463872,4096,33,5,n1327-1,226.0,96.46018
226.0,0.5,452.0,1.0,463872,1024,44,4,n1324-1,226.0,96.46018
226.5,0.5,453.0,1.0,464896,1024,42,4,n1325-1,226.0,96.46018
227.0,0.5,454.0,1.0,465920,1024,40,4,n1326-1,227.0,96.87792
227.5,1.0,455.0,2.0,466944,2048,76,1,n1322-1,227.0,96.87792
227.5,0.5,455.0,1.0,466944,1024,88,1,n1323-1,227.0,96.87792
228.0,4.0,456.0,8.0,467968,8192,33,5,n1336-1,228.0,97.27802
228.0,0.5,456.0,1.0,467968,1024,85,1,n1329-1,228.0,97.27802
228.5,0.5,457.0,1.0,468992,1024,74,1,n1330-1,228.0,97.27802
228.5,0.5,457.0,1.0,468992,1024,83,1,n1331-1,228.0,97.27802
229.0,0.5,458.0,1.0,470016,1024,73,1,n1332-1,229.0,97.69683
229.0,0.5,458.0,1.0,470016,1024,81,1,n1333-1,229.0,97.69683
229.5,0.5,459.0,1.0,471040,1024,45,4,n1335-1,229.0,97.69683
230.0,0.5,460.0,1.0,472064,1024,44,4,n1341-1,230.0,98.089455
230.5,0.5,461.0,1.0,473088,1024,42,4,n1342-1,230.0,98.089455
231.0,0.5,462.0,1.0,474112,1024,40,4,n1343-1,231.0,98.5371
231.5,0.5,463.0,1.0,475136,1024,74,1,n1339-1,231.0,98.5371
231.5,0.5,463.0,1.0,475136,1024,76,1,n1340-1,231.0,98.5371
232.0,4.0,464.0,8.0,476160,8192,33,5,n1353-1,232.0,98.92919
232.0,0.5,464.0,1.0,476160,1024,73,1,n1345-1,232.0,98.92919
232.0,0.5,464.0,1.0,476160,1024,81,1,n1346-1,232.0,98.92919
232.5,0.5,465.0,1.0,477184,1024,74,1,n1347-1,232.0,98.92919
232.5,0.5,465.0,1.0,477184,1024,83,1,n1348-1,232.0,98.92919
233.0,0.5,466.0,1.0,478208,1024,76,1,n1349-1,233.0,99.35548
233.0,0.5,466.0,1.0,478208,1024,85,1,n1350-1,233.0,99.35548
233.5,0.5,467.0,1.0,479232,1024,45,4,n1352-1,233.0,99.35548
234.0,0.5,468.0,1.0,480256,1024,44,4,n1358-1,234.0,99.76039
234.5,0.5,469.0,1.0,481280,1024,42,4,n1359-1,234.0,99.76039
235.0,0.5,470.0,1.0,482304,1024,40,4,n1360-1,235.0,100.16958
235.5,1.0,471.0,2.0,483328,2048,64,1,n1356-1,235.0,100.16958
235.5,0.5,471.0,1.0,483328,1024,76,1,n1357-1,235.0,100.16958
236.0,4.0,472.0,8.0,484352,8192,33,5,n1370-1,236.0,100.56541
236.0,0.5,472.0,1.0,484352,1024,73,1,n1363-1,236.0,100.56541
236.5,0.5,473.0,1.0,485376,1024,62,1,n1364-1,236.0,100.56541
236.5,0.5,473.0,1.0,485376,1024,71,1,n1365-1,236.0,100.56541
237.0,0.5,474.0,1.0,486400,1024,61,1,n1366-1,237.0,100.99116
237.0,0.5,474.0,1.0,486400,1024,69,1,n1367-1,237.0,100.99116
237.5,0.5,475.0,1.0,487424,1024,45,4,n1369-1,237.0,100.99116
238.0,0.5,476.0,1.0,488448,1024,43,4,n1374-1,238.0,101.40141
238.5,0.5,477.0,1.0,489472,1024,42,4,n1375-1,238.0,101.40141
239.0,0.5,478.0,1.0,490496,1024,40,4,n1376-1,239.0,101.846924
239.5,0.5,479.0,1.0,491520,1024,57,1,n1373-1,239.0,101.846924
240.0,0.5,480.0,1.0,492544,1024,55,1,n1378-1,240.0,102.25291
240.5,0.5,481.0,1.0,493568,1024,54,1,n1379-1,240.0,102.25291
241.0,0.5,482.0,1.0,494592,1024,52,1,n1380-1,241.0,102.68132
241.5,0.5,483.0,1.0,495616,1024,69,4,n1384-1,241.0,102.68132
242.0,0.5,484.0,1.0,496640,1024,67,4,n1388-1,242.0,103.08303
242.5,0.5,485.0,1.0,497664,1024,66,4,n1389-1,242.0,103.08303
243.0,0.5,486.0,1.0,498688,1024,64,4,n1390-1,243.0,103.48473
243.5,0.5,487.0,1.0,499712,1024,81,1,n1387-1,243.0,103.48473
244.0,0.5,488.0,1.0,500736,1024,79,1,n1392-1,244.0,103.913155
244.5,0.5,489.0,1.0,501760,1024,78,1,n1393-1,244.0,103.913155
245.0,0.5,490.0,1.0,502784,1024,76,1,n1394-1,245.0,104.33409
247.5,0.5,495.0,1.0,507904,1024,81,1,n1401-1,247.0,105.35118
248.0,0.5,496.0,1.0,508928,1024,79,1,n1403-1,248.0,105.85973
248.5,0.5,497.0,1.0,509952,1024,77,1,n1404-1,248.0,105.85973
249.0,0.5,498.0,1.0,510976,1024,76,1,n1405-1,249.0,106.27106
249.5,0.5,499.0,1.0,512000,1024,69,4,n1409-1,249.0,106.27106
250.0,0.5,500.0,1.0,513024,1024,67,4,n1413-1,250.0,106.67383
250.5,0.5,501.0,1.0,514048,1024,65,4,n1414-1,250.0,106.67383
251.0,0.5,502.0,1.0,515072,1024,64,4,n1415-1,251.0,107.099045
251.5,0.5,503.0,1.0,516096,1024,57,1,n1412-1,251.0,107.099045
252.0,0.5,504.0,1.0,517120,1024,55,1,n1417-1,252.0,107.49861
252.5,0.5,505.0,1.0,518144,1024,53,1,n1418-1,252.0,107.49861
253.0,0.5,506.0,1.0,519168,1024,52,1,n1419-1,253.0,107.943054
253.5,0.5,507.0,1.0,520192,1024,45,4,n1423-1,253.0,107.943054
254.0,0.5,508.0,1.0,521216,1024,43,5,n1428-1,254.0,108.339424
254.5,0.5,509.0,1.0,522240,1024,41,5,n1429-1,254.0,108.339424
255.0,0.5,510.0,1.0,523264,1024,40,5,n1430-1,255.0,108.78066
255.5,0.5,511.0,1.0,524288,1024,38,5,n1431-1,255.0,108.78066
255.5,0.5,511.0,1.0,524288,1024,50,4,n1427-1,255.0,108.78066
255.5,0.5,511.0,1.0,524288,1024,62,1,n1426-1,255.0,108.78066
256.0,0.5,512.0,1.0,525312,1024,37,4,n1436-1,256.0,109.191986
256.0,0.5,512.0,1.0,525312,1024,61,1,n1432-1,256.0,109.191986
256.5,0.5,513.0,1.0,526336,1024,35,4,n1437-1,256.0,109.191986
256.5,0.5,513.0,1.0,526336,1024,59,1,n1433-1,256.0,109.191986
257.0,0.5,514.0,1.0,527360,1024,33,4,n1438-1,257.0,109.587814
257.0,0.5,514.0,1.0,527360,1024,57,1,n1434-1,257.0,109.587814
257.5,0.5,515.0,1.0,528384,1024,37,4,n1439-1,257.0,109.587814
257.5,0.5,515.0,1.0,528384,1024,61,1,n1435-1,257.0,109.587814
258.0,0.5,516.0,1.0,529408,1024,38,4,n1446-1,258.0,109.97617
258.0,0.5,516.0,1.0,529408,1024,62,1,n1440-1,258.0,109.97617
258.5,0.5,517.0,1.0,530432,1024,41,4,n1447-1,258.0,109.97617
258.5,0.5,517.0,1.0,530432,1024,65,1,n1441-1,258.0,109.97617
259.0,0.5,518.0,1.0,531456,1024,33,4,n1448-1,259.0,110.35972
259.0,0.5,518.0,1.0,531456,1024,45,4,n1449-1,259.0,110.35972
259.0,0.5,518.0,1.0,531456,1024,57,1,n1442-1,259.0,110.35972
259.0,0.5,518.0,1.0,531456,1024,69,1,n1443-1,259.0,110.35972
259.5,0.5,519.0,1.0,532480,1024,37,4,n1450-1,259.0,110.35972
259.5,0.5,519.0,1.0,532480,1024,49,4,n1451-1,259.0,110.35972
259.5,0.5,519.0,1.0,532480,1024,61,1,n1444-1,259.0,110.35972
259.5,0.5,519.0,1.0,532480,1024,73,1,n1445-1,259.0,110.35972
260.0,0.5,520.0,1.0,533504,1024,38,4,n1460-1,260.0,110.74433
260.0,0.5,520.0,1.0,533504,1024,50,4,n1461-1,260.0,110.74433
260.0,0.5,520.0,1.0,533504,1024,62,1,n1452-1,260.0,110.74433
260.0,0.5,520.0,1.0,533504,1024,74,1,n1453-1,260.0,110.74433
260.5,0.5,521.0,1.0,534528,1024,40,4,n1462-1,260.0,110.74433
260.5,0.5,521.0,1.0,534528,1024,52,4,n1463-1,260.0,110.74433
260.5,0.5,521.0,1.0,534528,1024,64,1,n1454-1,260.0,110.74433
260.5,0.5,521.0,1.0,534528,1024,76,1,n1455-1,260.0,110.74433
261.0,0.5,522.0,1.0,535552,1024,41,4,n1464-1,261.0,111.125206
261.0,0.5,522.0,1.0,535552,1024,53,4,n1465-1,261.0,111.125206
261.0,0.5,522.0,1.0,535552,1024,65,1,n1456-1,261.0,111.125206
261.0,0.5,522.0,1.0,535552,1024,77,1,n1457-1,261.0,111.125206
261.5,0.5,523.0,1.0,536576,1024,43,4,n1466-1,261.0,111.125206
261.5,0.5,523.0,1.0,536576,1024,55,4,n1467-1,261.0,111.125206
261.5,0.5,523.0,1.0,536576,1024,67,1,n1458-1,261.0,111.125206
261.5,0.5,523.0,1.0,536576,1024,79,1,n1459-1,261.0,111.125206
262.0,2.0,524.0,4.0,537600,4096,45,4,n1470-1,262.0,111.628944
262.0,2.0,524.0,4.0,537600,4096,57,4,n1471-1,262.0,111.628944
262.0,2.0,524.0,4.0,537600,4096,69,1,n1468-1,262.0,111.628944
262.0,2.0,524.0,4.0,537600,4096,81,1,n1469-1,262.0,111.628944
264.0,0.25,528.0,0.5,541696,512,46,4,n1478-1,264.0,113.385345
264.0,1.5,528.0,3.0,541696,3072,70,1,n1472-1,264.0,113.385345
264.0,1.5,528.0,3.0,541696,3072,74,1,n1473-1,264.0,113.385345
264.0,1.5,528.0,3.0,541696,3072,77,1,n1474-1,264.0,113.385345
264.0,1.5,528.0,3.0,541696,3072,82,1,n1475-1,264.0,113.385345
264.25,0.25,528.5,0.5,542208,512,58,4,n1479-1,264.0,113.385345
264.5,0.25,529.0,0.5,542720,512,46,4,n1480-1,264.0,113.385345
264.75,0.25,529.5,0.5,543232,512,58,4,n1481-1,264.0,113.385345
265.0,0.25,530.0,0.5,543744,512,46,4,n1482-1,265.0,113.803085
265.25,0.25,530.5,0.5,544256,512,58,4,n1483-1,265.0,113.803085
265.5,0.25,531.0,0.5,544768,512,46,4,n1484-1,265.0,113.803085
265.5,0.5,531.0,1.0,544768,1024,74,1,n1476-1,265.0,113.803085
265.5,0.5,531.0,1.0,544768,1024,77,1,n1477-1,265.0,113.803085
265.75,0.25,531.5,0.5,545280,512,58,4,n1485-1,265.0,113.803085
266.0,0.25,532.0,0.5,545792,512,46,4,n1494-1,266.0,114.156715
266.0,0.5,532.0,1.0,545792,1024,75,1,n1486-1,266.0,114.156715
266.0,0.5,532.0,1.0,545792,1024,79,1,n1487-1,266.0,114.156715
266.25,0.25,532.5,0.5,546304,512,58,4,n1495-1,266.0,114.156715
266.5,0.25,533.0,0.5,546816,512,46,4,n1496-1,266.0,114.156715
266.5,0.5,533.0,1.0,546816,1024,72,1,n1488-1,266.0,114.156715
266.5,0.5,533.0,1.0,546816,1024,75,1,n1489-1,266.0,114.156715
266.75,0.25,533.5,0.5,547328,512,58,4,n1497-1,266.0,114.156715
267.0,0.25,534.0,0.5,547840,512,46,4,n1498-1,267.0,114.51782
267.0,0.5,534.0,1.0,547840,1024,74,1,n1490-1,267.0,114.51782
267.0,0.5,534.0,1.0,547840,1024,77,1,n1491-1,267.0,114.51782
267.25,0.25,534.5,0.5,548352,512,58,4,n1499-1,267.0,114.51782
267.5,0.25,535.0,0.5,548864,512,46,4,n1500-1,267.0,114.51782
267.5,0.5,535.0,1.0,548864,1024,70,1,n1492-1,267.0,114.51782
267.5,0.5,535.0,1.0,548864,1024,74,1,n1493-1,267.0,114.51782
267.75,0.25,535.5,0.5,549376,512,58,4,n1501-1,267.0,114.51782
268.0,0.25,536.0,0.5,549888,512,46,4,n1510-1,268.0,114.88962
268.0,0.5,536.0,1.0,549888,1024,67,1,n1502-1,268.0,114.88962
268.0,0.5,536.0,1.0,549888,1024,75,1,n1503-1,268.0,114.88962
268.25,0.25,536.5,0.5,550400,512,58,4,n1511-1,268.0,114.88962
268.5,0.25,537.0,0.5,550912,512,46,4,n1512-1,268.0,114.88962
268.5,0.5,537.0,1.0,550912,1024,63,1,n1504-1,268.0,114.88962
268.5,0.5,537.0,1.0,550912,1024,72,1,n1505-1,268.0,114.88962
268.75,0.25,537.5,0.5,551424,512,58,4,n1513-1,268.0,114.88962
269.0,0.25,538.0,0.5,551936,512,46,4,n1514-1,269.0,115.24645
269.0,0.5,538.0,1.0,551936,1024,65,1,n1506-1,269.0,115.24645
269.0,0.5,538.0,1.0,551936,1024,74,1,n1507-1,269.0,115.24645
269.25,0.25,538.5,0.5,552448,512,58,4,n1515-1,269.0,115.24645
269.5,0.25,539.0,0.5,552960,512,46,4,n1516-1,269.0,115.24645
269.5,0.5,539.0,1.0,552960,1024,62,1,n1508-1,269.0,115.24645
269.5,0.5,539.0,1.0,552960,1024,70,1,n1509-1,269.0,115.24645
269.75,0.25,539.5,0.5,553472,512,58,4,n1517-1,269.0,115.24645
270.0,0.25,540.0,0.5,553984,512,46,4,n1526-1,270.0,115.62466
270.0,0.5,540.0,1.0,553984,1024,63,1,n1518-1,270.0,115.62466
270.0,0.5,540.0,1.0,553984,1024,72,1,n1519-1,270.0,115.62466
270.25,0.25,540.5,0.5,554496,512,58,4,n1527-1,270.0,115.62466
270.5,0.25,541.0,0.5,555008,512,46,4,n1528-1,270.0,115.62466
270.5,0.5,541.0,1.0,555008,1024,63,1,n1520-1,270.0,115.62466
270.5,0.5,541.0,1.0,555008,1024,67,1,n1521-1,270.0,115.62466
270.75,0.25,541.5,0.5,555520,512,58,4,n1529-1,270.0,115.62466
271.0,0.25,542.0,0.5,556032,512,46,4,n1530-1,271.0,116.00446
271.0,0.5,542.0,1.0,556032,1024,63,1,n1522-1,271.0,116.00446
271.0,0.5,542.0,1.0,556032,1024,69,1,n1523-1,271.0,116.00446
271.25,0.25,542.5,0.5,556544,512,58,4,n1531-1,271.0,116.00446
271.5,0.25,543.0,0.5,557056,512,46,4,n1532-1,271.0,116.00446
271.5,0.5,543.0,1.0,557056,1024,63,1,n1524-1,271.0,116.00446
271.5,0.5,543.0,1.0,557056,1024,65,1,n1525-1,271.0,116.00446
271.75,0.25,543.5,0.5,557568,512,58,4,n1533-1,271.0,116.00446
272.0,0.25,544.0,0.5,558080,512,34,4,n1538-1,272.0,116.39816
272.0,1.5,544.0,3.0,558080,3072,62,1,n1534-1,272.0,116.39816
272.0,1.5,544.0,3.0,558080,3072,70,1,n1535-1,272.0,116.39816
272.25,0.25,544.5,0.5,558592,512,46,4,n1539-1,272.0,116.39816
272.5,0.25,545.0,0.5,559104,512,34,4,n1540-1,272.0,116.39816
272.75,0.25,545.5,0.5,559616,512,46,4,n1541-1,272.0,116.39816
273.0,0.25,546.0,0.5,560128,512,34,4,n1542-1,273.0,116.78812
273.25,0.25,546.5,0.5,560640,512,46,4,n1543-1,273.0,116.78812
273.5,0.25,547.0,0.5,561152,512,34,4,n1544-1,273.0,116.78812
273.5,0.5,547.0,1.0,561152,1024,62,1,n1536-1,273.0,116.78812
273.5,0.5,547.0,1.0,561152,1024,65,1,n1537-1,273.0,116.78812
273.75,0.25,547.5,0.5,561664,512,46,4,n1545-1,273.0,116.78812
274.0,0.25,548.0,0.5,562176,512,34,4,n1554-1,274.0,117.157776
274.0,0.5,548.0,1.0,562176,1024,63,1,n1546-1,274.0,117.157776
274.0,0.5,548.0,1.0,562176,1024,67,1,n1547-1,274.0,117.157776
274.25,0.25,548.5,0.5,562688,512,46,4,n1555-1,274.0,117.157776
274.5,0.25,549.0,0.5,563200,512,34,4,n1556-1,274.0,117.157776
274.5,0.5,549.0,1.0,563200,1024,60,1,n1548-1,274.0,117.157776
274.5,0.5,549.0,1.0,563200,1024,63,1,n1549-1,274.0,117.157776
274.75,0.25,549.5,0.5,563712,512,46,4,n1557-1,274.0,117.157776
275.0,0.25,550.0,0.5,564224,512,34,4,n1558-1,275.0,117.533844
275.0,0.5,550.0,1.0,564224,1024,62,1,n1550-1,275.0,117.533844
275.0,0.5,550.0,1.0,564224,1024,65,1,n1551-1,275.0,117.533844
275.25,0.25,550.5,0.5,564736,512,46,4,n1559-1,275.0,117.533844
275.5,0.25,551.0,0.5,565248,512,34,4,n1560-1,275.0,117.533844
275.5,0.5,551.0,1.0,565248,1024,58,1,n1552-1,275.0,117.533844
275.5,0.5,551.0,1.0,565248,1024,62,1,n1553-1,275.0,117.533844
275.75,0.25,551.5,0.5,565760,512,46,4,n1561-1,275.0,117.533844
276.0,0.25,552.0,0.5,566272,512,34,5,n1570-1,276.0,117.90029
276.0,0.5,552.0,1.0,566272,1024,55,4,n1566-1,276.0,117.90029
276.0,0.5,552.0,1.0,566272,1024,63,1,n1562-1,276.0,117.90029
276.25,0.25,552.5,0.5,566784,512,46,5,n1571-1,276.0,117.90029
276.5,0.25,553.0,0.5,567296,512,34,5,n1572-1,276.0,117.90029
276.5,0.5,553.0,1.0,567296,1024,51,4,n1567-1,276.0,117.90029
276.5,0.5,553.0,1.0,567296,1024,60,1,n1563-1,276.0,117.90029
276.75,0.25,553.5,0.5,567808,512,46,5,n1573-1,276.0,117.90029
277.0,0.25,554.0,0.5,568320,512,34,5,n1574-1,277.0,118.26568
277.0,0.5,554.0,1.0,568320,1024,53,4,n1568-1,277.0,118.26568
277.0,0.5,554.0,1.0,568320,1024,62,1,n1564-1,277.0,118.26568
277.25,0.25,554.5,0.5,568832,512,46,5,n1575-1,277.0,118.26568
277.5,0.25,555.0,0.5,569344,512,34,5,n1576-1,277.0,118.26568
277.5,0.5,555.0,1.0,569344,1024,50,4,n1569-1,277.0,118.26568
277.5,0.5,555.0,1.0,569344,1024,58,1,n1565-1,277.0,118.26568
277.75,0.25,555.5,0.5,569856,512,46,5,n1577-1,277.0,118.26568
278.0,0.25,556.0,0.5,570368,512,34,5,n1586-1,278.0,118.65136
278.0,0.5,556.0,1.0,570368,1024,51,4,n1585-1,278.0,118.65136
278.0,0.5,556.0,1.0,570368,1024,60,1,n1578-1,278.0,118.65136
278.25,0.25,556.5,0.5,570880,512,46,5,n1587-1,278.0,118.65136
278.5,0.25,557.0,0.5,571392,512,34,5,n1588-1,278.0,118.65136
278.5,0.5,557.0,1.0,571392,1024,51,1,n1579-1,278.0,118.65136
278.5,0.5,557.0,1.0,571392,1024,55,1,n1580-1,278.0,118.65136
278.75,0.25,557.5,0.5,571904,512,46,5,n1589-1,278.0,118.65136
279.0,0.25,558.0,0.5,572416,512,34,5,n1590-1,279.0,119.029564
279.0,0.5,558.0,1.0,572416,1024,51,1,n1581-1,279.0,119.029564
279.0,0.5,558.0,1.0,572416,1024,57,1,n1582-1,279.0,119.029564
279.25,0.25,558.5,0.5,572928,512,46,5,n1591-1,279.0,119.029564
279.5,0.25,559.0,0.5,573440,512,34,5,n1592-1,279.0,119.029564
279.5,0.5,559.0,1.0,573440,1024,51,1,n1583-1,279.0,119.029564
279.5,0.5,559.0,1.0,573440,1024,53,1,n1584-1,279.0,119.029564
279.75,0.25,559.5,0.5,573952,512,46,5,n1593-1,279.0,119.029564
280.0,1.5,560.0,3.0,574464,3072,34,4,n1602-1,280.0,119.3896
280.0,1.5,560.0,3.0,574464,3072,46,4,n1603-1,280.0,119.3896
280.0,0.25,560.0,0.5,574464,512,58,1,n1594-1,280.0,119.3896
280.25,0.25,560.5,0.5,574976,512,62,1,n1595-1,280.0,119.3896
280.5,0.25,561.0,0.5,575488,512,58,1,n1596-1,280.0,119.3896
280.75,0.25,561.5,0.5,576000,512,62,1,n1597-1,280.0,119.3896
281.0,0.25,562.0,0.5,576512,512,58,1,n1598-1,281.0,119.83191
281.25,0.25,562.5,0.5,577024,512,62,1,n1599-1,281.0,119.83191
281.5,0.5,563.0,1.0,577536,1024,33,4,n1604-1,281.0,119.83191
281.5,0.25,563.0,0.5,577536,512,58,1,n1600-1,281.0,119.83191
281.75,0.25,563.5,0.5,578048,512,62,1,n1601-1,281.0,119.83191
282.0,0.5,564.0,1.0,578560,1024,34,4,n1613-1,282.0,120.17219
282.0,0.25,564.0,0.5,578560,512,58,1,n1605-1,282.0,120.17219
282.25,0.25,564.5,0.5,579072,512,62,1,n1606-1,282.0,120.17219
282.5,0.5,565.0,1.0,579584,1024,37,4,n1614-1,282.0,120.17219
282.5,0.25,565.0,0.5,579584,512,58,1,n1607-1,282.0,120.17219
282.75,0.25,565.5,0.5,580096,512,62,1,n1608-1,282.0,120.17219
283.0,0.5,566.0,1.0,580608,1024,38,4,n1615-1,283.0,120.53276
283.0,0.25,566.0,0.5,580608,512,58,1,n1609-1,283.0,120.53276
283.25,0.25,566.5,0.5,581120,512,62,1,n1610-1,283.0,120.53276
283.5,0.5,567.0,1.0,581632,1024,40,4,n1616-1,283.0,120.53276
283.5,0.25,567.0,0.5,581632,512,58,1,n1611-1,283.0,120.53276
283.75,0.25,567.5,0.5,582144,512,62,1,n1612-1,283.0,120.53276
284.0,0.5,568.0,1.0,582656,1024,41,4,n1625-1,284.0,120.89494
284.0,0.25,568.0,0.5,582656,512,58,1,n1617-1,284.0,120.89494
284.25,0.25,568.5,0.5,583168,512,62,1,n1618-1,284.0,120.89494
284.5,0.5,569.0,1.0,583680,1024,45,4,n1626-1,284.0,120.89494
284.5,0.25,569.0,0.5,583680,512,58,1,n1619-1,284.0,120.89494
284.75,0.25,569.5,0.5,584192,512,62,1,n1620-1,284.0,120.89494
285.0,0.5,570.0,1.0,584704,1024,46,4,n1627-1,285.0,121.25498
285.0,0.25,570.0,0.5,584704,512,58,1,n1621-1,285.0,121.25498
285.25,0.25,570.5,0.5,585216,512,62,1,n1622-1,285.0,121.25498
285.5,0.5,571.0,1.0,585728,1024,49,4,n1628-1,285.0,121.25498
285.5,0.25,571.0,0.5,585728,512,58,1,n1623-1,285.0,121.25498
285.75,0.25,571.5,0.5,586240,512,62,1,n1624-1,285.0,121.25498
286.0,0.5,572.0,1.0,586752,1024,50,4,n1637-1,286.0,121.62678
286.0,0.25,572.0,0.5,586752,512,58,1,n1629-1,286.0,121.62678
286.25,0.25,572.5,0.5,587264,512,62,1,n1630-1,286.0,121.62678
286.5,0.5,573.0,1.0,587776,1024,52,4,n1638-1,286.0,121.62678
286.5,0.25,573.0,0.5,587776,512,58,1,n1631-1,286.0,121.62678
286.75,0.25,573.5,0.5,588288,512,62,1,n1632-1,286.0,121.62678
287.0,0.5,574.0,1.0,588800,1024,53,4,n1639-1,287.0,122.01246
287.0,0.25,574.0,0.5,588800,512,58,1,n1633-1,287.0,122.01246
287.25,0.25,574.5,0.5,589312,512,62,1,n1634-1,287.0,122.01246
287.5,0.5,575.0,1.0,589824,1024,57,4,n1640-1,287.0,122.01246
287.5,0.25,575.0,0.5,589824,512,58,1,n1635-1,287.0,122.01246
287.75,0.25,575.5,0.5,590336,512,62,1,n1636-1,287.0,122.01246
288.0,0.25,576.0,0.5,590848,512,58,4,n1645-1,288.0,122.39066
288.25,0.25,576.5,0.5,591360,512,62,4,n1646-1,288.0,122.39066
288.5,0.25,577.0,0.5,591872,512,61,4,n1647-1,288.0,122.39066
288.75,0.25,577.5,0.5,592384,512,62,4,n1648-1,288.0,122.39066
289.0,0.25,578.0,0.5,592896,512,61,4,n1649-1,289.0,122.74643
289.0,0.5,578.0,1.0,592896,1024,65,1,n1642-1,289.0,122.74643
289.0,0.5,578.0,1.0,592896,1024,77,1,n1643-1,289.0,122.74643
289.25,0.25,578.5,0.5,593408,512,62,4,n1650-1,289.0,122.74643
289.5,0.25,579.0,0.5,593920,512,61,4,n1651-1,289.0,122.74643
289.75,0.25,579.5,0.5,594432,512,62,4,n1652-1,289.0,122.74643
290.0,0.25,580.0,0.5,594944,512,57,4,n1657-1,290.0,123.12678
290.25,0.25,580.5,0.5,595456,512,60,4,n1658-1,290.0,123.12678
290.5,0.25,581.0,0.5,595968,512,59,4,n1659-1,290.0,123.12678
290.75,0.25,581.5,0.5,596480,512,60,4,n1660-1,290.0,123.12678
291.0,0.25,582.0,0.5,596992,512,59,4,n1661-1,291.0,123.48575
291.0,0.5,582.0,1.0,596992,1024,66,1,n1654-1,291.0,123.48575
291.0,0.5,582.0,1.0,596992,1024,78,1,n1655-1,291.0,123.48575
291.25,0.25,582.5,0.5,597504,512,60,4,n1662-1,291.0,123.48575
291.5,0.25,583.0,0.5,598016,512,59,4,n1663-1,291.0,123.48575
291.75,0.25,583.5,0.5,598528,512,60,4,n1664-1,291.0,123.48575
292.0,0.25,584.0,0.5,599040,512,54,4,n1669-1,292.0,123.85541
292.25,0.25,584.5,0.5,599552,512,57,4,n1670-1,292.0,123.85541
292.5,0.25,585.0,0.5,600064,512,62,4,n1671-1,292.0,123.85541
292.75,0.25,585.5,0.5,600576,512,57,4,n1672-1,292.0,123.85541
292.75,0.25,585.5,0.5,600576,512,72,1,n1667-1,292.0,123.85541
293.0,0.25,586.0,0.5,601088,512,52,4,n1673-1,293.0,124.20102
293.0,1.25,586.0,2.5,601088,2560,84,1,n1668-1,293.0,124.20102
293.25,0.25,586.5,0.5,601600,512,55,4,n1674-1,293.0,124.20102
293.5,0.25,587.0,0.5,602112,512,62,4,n1675-1,293.0,124.20102
293.75,0.25,587.5,0.5,602624,512,55,4,n1676-1,293.0,124.20102
294.0,0.25,588.0,0.5,603136,512,54,4,n1685-1,294.0,124.531685
294.25,0.25,588.5,0.5,603648,512,57,4,n1686-1,294.0,124.531685
294.25,0.25,588.5,0.5,603648,512,82,1,n1678-1,294.0,124.531685
294.5,0.25,589.0,0.5,604160,512,62,4,n1687-1,294.0,124.531685
294.5,0.25,589.0,0.5,604160,512,81,1,n1679-1,294.0,124.531685
294.75,0.25,589.5,0.5,604672,512,57,4,n1688-1,294.0,124.531685
294.75,0.25,589.5,0.5,604672,512,79,1,n1680-1,294.0,124.531685
295.0,0.25,590.0,0.5,605184,512,50,4,n1689-1,295.0,124.86983
295.0,0.25,590.0,0.5,605184,512,78,1,n1681-1,295.0,124.86983
295.25,0.25,590.5,0.5,605696,512,54,4,n1690-1,295.0,124.86983
295.25,0.25,590.5,0.5,605696,512,75,1,n1682-1,295.0,124.86983
295.5,0.25,591.0,0.5,606208,512,62,4,n1691-1,295.0,124.86983
295.5,0.25,591.0,0.5,606208,512,74,1,n1683-1,295.0,124.86983
295.75,0.25,591.5,0.5,606720,512,54,4,n1692-1,295.0,124.86983
295.75,0.25,591.5,0.5,606720,512,72,1,n1684-1,295.0,124.86983
296.0,1.5,592.0,3.0,607232,3072,31,4,n1700-1,296.0,125.26993
296.0,1.5,592.0,3.0,607232,3072,43,4,n1701-1,296.0,125.26993
296.0,0.5,592.0,1.0,607232,1024,70,1,n1693-1,296.0,125.26993
296.5,0.25,593.0,0.5,608256,512,58,1,n1694-1,296.0,125.26993
296.75,0.25,593.5,0.5,608768,512,62,1,n1695-1,296.0,125.26993
297.0,0.25,594.0,0.5,609280,512,58,1,n1696-1,297.0,125.65989
297.25,0.25,594.5,0.5,609792,512,62,1,n1697-1,297.0,125.65989
297.5,0.5,595.0,1.0,610304,1024,30,4,n1702-1,297.0,125.65989
297.5,0.25,595.0,0.5,610304,512,58,1,n1698-1,297.0,125.65989
297.75,0.25,595.5,0.5,610816,512,62,1,n1699-1,297.0,125.65989
298.0,0.5,596.0,1.0,611328,1024,31,4,n1711-1,298.0,126.04664
298.0,0.25,596.0,0.5,611328,512,58,1,n1703-1,298.0,126.04664
298.25,0.25,596.5,0.5,611840,512,62,1,n1704-1,298.0,126.04664
298.5,0.5,597.0,1.0,612352,1024,33,4,n1712-1,298.0,126.04664
298.5,0.25,597.0,0.5,612352,512,58,1,n1705-1,298.0,126.04664
298.75,0.25,597.5,0.5,612864,512,62,1,n1706-1,298.0,126.04664
299.0,0.5,598.0,1.0,613376,1024,34,4,n1713-1,299.0,126.42805
299.0,0.25,598.0,0.5,613376,512,58,1,n1707-1,299.0,126.42805
299.25,0.25,598.5,0.5,613888,512,62,1,n1708-1,299.0,126.42805
299.5,0.5,599.0,1.0,614400,1024,37,4,n1714-1,299.0,126.42805
299.5,0.25,599.0,0.5,614400,512,58,1,n1709-1,299.0,126.42805
299.75,0.25,599.5,0.5,614912,512,62,1,n1710-1,299.0,126.42805
300.0,0.5,600.0,1.0,615424,1024,38,4,n1723-1,300.0,126.82494
300.0,0.25,600.0,0.5,615424,512,58,1,n1715-1,300.0,126.82494
300.25,0.25,600.5,0.5,615936,512,62,1,n1716-1,300.0,126.82494
300.5,0.5,601.0,1.0,616448,1024,42,4,n1724-1,300.0,126.82494
300.5,0.25,601.0,0.5,616448,512,58,1,n1717-1,300.0,126.82494
300.75,0.25,601.5,0.5,616960,512,62,1,n1718-1,300.0,126.82494
301.0,0.5,602.0,1.0,617472,1024,43,4,n1725-1,301.0,127.2133
301.0,0.25,602.0,0.5,617472,512,58,1,n1719-1,301.0,127.2133
301.25,0.25,602.5,0.5,617984,512,62,1,n1720-1,301.0,127.2133
301.5,0.5,603.0,1.0,618496,1024,45,4,n1726-1,301.0,127.2133
301.5,0.25,603.0,0.5,618496,512,58,1,n1721-1,301.0,127.2133
301.75,0.25,603.5,0.5,619008,512,62,1,n1722-1,301.0,127.2133
302.0,0.5,604.0,1.0,619520,1024,46,4,n1735-1,302.0,127.59097
302.0,0.25,604.0,0.5,619520,512,58,1,n1727-1,302.0,127.59097
302.25,0.25,604.5,0.5,620032,512,62,1,n1728-1,302.0,127.59097
302.5,0.5,605.0,1.0,620544,1024,49,4,n1736-1,302.0,127.59097
302.5,0.25,605.0,0.5,620544,512,58,1,n1729-1,302.0,127.59097
302.75,0.25,605.5,0.5,621056,512,62,1,n1730-1,302.0,127.59097
303.0,0.5,606.0,1.0,621568,1024,50,4,n1737-1,303.0,127.97345
303.0,0.25,606.0,0.5,621568,512,58,1,n1731-1,303.0,127.97345
303.25,0.25,606.5,0.5,622080,512,62,1,n1732-1,303.0,127.97345
303.5,0.5,607.0,1.0,622592,1024,54,4,n1738-1,303.0,127.97345
303.5,0.25,607.0,0.5,622592,512,58,1,n1733-1,303.0,127.97345
303.75,0.25,607.5,0.5,623104,512,62,1,n1734-1,303.0,127.97345
304.0,0.25,608.0,0.5,623616,512,55,4,n1743-1,304.0,128.36714
304.25,0.25,608.5,0.5,624128,512,58,4,n1744-1,304.0,128.36714
304.5,0.25,609.0,0.5,624640,512,62,4,n1745-1,304.0,128.36714
304.75,0.25,609.5,0.5,625152,512,58,4,n1746-1,304.0,128.36714
305.0,0.25,610.0,0.5,625664,512,62,4,n1747-1,305.0,128.72932
305.0,0.5,610.0,1.0,625664,1024,67,1,n1740-1,305.0,128.72932
305.0,0.5,610.0,1.0,625664,1024,79,1,n1741-1,305.0,128.72932
305.25,0.25,610.5,0.5,626176,512,58,4,n1748-1,305.0,128.72932
305.5,0.25,611.0,0.5,626688,512,62,4,n1749-1,305.0,128.72932
305.75,0.25,611.5,0.5,627200,512,58,4,n1750-1,305.0,128.72932
306.0,0.25,612.0,0.5,627712,512,53,4,n1755-1,306.0,129.10646
306.25,0.25,612.5,0.5,628224,512,56,4,n1756-1,306.0,129.10646
306.5,0.25,613.0,0.5,628736,512,58,4,n1757-1,306.0,129.10646
306.75,0.25,613.5,0.5,629248,512,56,4,n1758-1,306.0,129.10646
307.0,0.25,614.0,0.5,629760,512,51,4,n1759-1,307.0,129.44406
307.0,0.5,614.0,1.0,629760,1024,68,1,n1752-1,307.0,129.44406
307.0,0.5,614.0,1.0,629760,1024,80,1,n1753-1,307.0,129.44406
307.25,0.25,614.5,0.5,630272,512,56,4,n1760-1,307.0,129.44406
307.5,0.25,615.0,0.5,630784,512,58,4,n1761-1,307.0,129.44406
307.75,0.25,615.5,0.5,631296,512,56,4,n1762-1,307.0,129.44406
308.0,0.25,616.0,0.5,631808,512,50,4,n1767-1,308.0,129.81265
308.25,0.25,616.5,0.5,632320,512,56,4,n1768-1,308.0,129.81265
308.5,0.25,617.0,0.5,632832,512,58,4,n1769-1,308.0,129.81265
308.75,0.25,617.5,0.5,633344,512,56,4,n1770-1,308.0,129.81265
308.75,0.25,617.5,0.5,633344,512,77,1,n1765-1,308.0,129.81265
309.0,0.25,618.0,0.5,633856,512,48,4,n1771-1,309.0,130.15987
309.0,1.25,618.0,2.5,633856,2560,89,1,n1766-1,309.0,130.15987
309.25,0.25,618.5,0.5,634368,512,56,4,n1772-1,309.0,130.15987
309.5,0.25,619.0,0.5,634880,512,58,4,n1773-1,309.0,130.15987
309.75,0.25,619.5,0.5,635392,512,56,4,n1774-1,309.0,130.15987
310.0,0.25,620.0,0.5,635904,512,50,4,n1783-1,310.0,130.47504
310.25,0.25,620.5,0.5,636416,512,56,4,n1784-1,310.0,130.47504
310.25,0.25,620.5,0.5,636416,512,87,1,n1776-1,310.0,130.47504
310.5,0.25,621.0,0.5,636928,512,58,4,n1785-1,310.0,130.47504
310.5,0.25,621.0,0.5,636928,512,86,1,n1777-1,310.0,130.47504
310.75,0.25,621.5,0.5,637440,512,56,4,n1786-1,310.0,130.47504
310.75,0.25,621.5,0.5,637440,512,84,1,n1778-1,310.0,130.47504
311.0,0.25,622.0,0.5,637952,512,46,4,n1787-1,311.0,130.82066
311.0,0.25,622.0,0.5,637952,512,82,1,n1779-1,311.0,130.82066
311.25,0.25,622.5,0.5,638464,512,56,4,n1788-1,311.0,130.82066
311.25,0.25,622.5,0.5,638464,512,80,1,n1780-1,311.0,130.82066
311.5,0.25,623.0,0.5,638976,512,58,4,n1789-1,311.0,130.82066
311.5,0.25,623.0,0.5,638976,512,79,1,n1781-1,311.0,130.82066
311.75,0.25,623.5,0.5,639488,512,56,4,n1790-1,311.0,130.82066
311.75,0.25,623.5,0.5,639488,512,77,1,n1782-1,311.0,130.82066
312.0,1.5,624.0,3.0,640000,3072,39,4,n1798-1,312.0,131.21649
312.0,1.5,624.0,3.0,640000,3072,51,4,n1799-1,312.0,131.21649
312.0,0.5,624.0,1.0,640000,1024,79,1,n1791-1,312.0,131.21649
312.5,0.25,625.0,0.5,641024,512,58,1,n1792-1,312.0,131.21649
312.75,0.25,625.5,0.5,641536,512,67,1,n1793-1,312.0,131.21649
313.0,0.25,626.0,0.5,642048,512,58,1,n1794-1,313.0,131.6182
313.25,0.25,626.5,0.5,642560,512,67,1,n1795-1,313.0,131.6182
313.5,0.5,627.0,1.0,643072,1024,38,4,n1800-1,313.0,131.6182
313.5,0.25,627.0,0.5,643072,512,58,1,n1796-1,313.0,131.6182
313.75,0.25,627.5,0.5,643584,512,67,1,n1797-1,313.0,131.6182
314.0,0.5,628.0,1.0,644096,1024,39,4,n1809-1,314.0,131.98038
314.0,0.25,628.0,0.5,644096,512,58,1,n1801-1,314.0,131.98038
314.25,0.25,628.5,0.5,644608,512,67,1,n1802-1,314.0,131.98038
314.5,0.5,629.0,1.0,645120,1024,42,4,n1810-1,314.0,131.98038
314.5,0.25,629.0,0.5,645120,512,58,1,n1803-1,314.0,131.98038
314.75,0.25,629.5,0.5,645632,512,67,1,n1804-1,314.0,131.98038
315.0,0.5,630.0,1.0,646144,1024,43,4,n1811-1,315.0,132.3495
315.0,0.25,630.0,0.5,646144,512,58,1,n1805-1,315.0,132.3495
315.25,0.25,630.5,0.5,646656,512,67,1,n1806-1,315.0,132.3495
315.5,0.5,631.0,1.0,647168,1024,45,4,n1812-1,315.0,132.3495
315.5,0.25,631.0,0.5,647168,512,58,1,n1807-1,315.0,132.3495
315.75,0.25,631.5,0.5,647680,512,67,1,n1808-1,315.0,132.3495
316.0,0.5,632.0,1.0,648192,1024,46,4,n1821-1,316.0,132.72076
316.0,0.25,632.0,0.5,648192,512,58,1,n1813-1,316.0,132.72076
316.25,0.25,632.5,0.5,648704,512,67,1,n1814-1,316.0,132.72076
316.5,0.5,633.0,1.0,649216,1024,50,4,n1822-1,316.0,132.72076
316.5,0.25,633.0,0.5,649216,512,58,1,n1815-1,316.0,132.72076
316.75,0.25,633.5,0.5,649728,512,67,1,n1816-1,316.0,132.72076
317.0,0.5,634.0,1.0,650240,1024,51,4,n1823-1,317.0,133.10057
317.0,0.25,634.0,0.5,650240,512,58,1,n1817-1,317.0,133.10057
317.25,0.25,634.5,0.5,650752,512,67,1,n1818-1,317.0,133.10057
317.5,0.5,635.0,1.0,651264,1024,54,4,n1824-1,317.0,133.10057
317.5,0.25,635.0,0.5,651264,512,58,1,n1819-1,317.0,133.10057
317.75,0.25,635.5,0.5,651776,512,67,1,n1820-1,317.0,133.10057
318.0,0.5,636.0,1.0,652288,1024,55,4,n1833-1,318.0,133.48625
318.0,0.25,636.0,0.5,652288,512,58,1,n1825-1,318.0,133.48625
318.25,0.25,636.5,0.5,652800,512,67,1,n1826-1,318.0,133.48625
318.5,0.5,637.0,1.0,653312,1024,53,4,n1834-1,318.0,133.48625
318.5,0.25,637.0,0.5,653312,512,58,1,n1827-1,318.0,133.48625
318.75,0.25,637.5,0.5,653824,512,67,1,n1828-1,318.0,133.48625
319.0,0.5,638.0,1.0,654336,1024,51,4,n1835-1,319.0,133.86926
319.0,0.25,638.0,0.5,654336,512,58,1,n1829-1,319.0,133.86926
319.25,0.25,638.5,0.5,654848,512,67,1,n1830-1,319.0,133.86926
319.5,0.5,639.0,1.0,655360,1024,50,4,n1836-1,319.0,133.86926
319.5,0.25,639.0,0.5,655360,512,58,1,n1831-1,319.0,133.86926
319.75,0.25,639.5,0.5,655872,512,67,1,n1832-1,319.0,133.86926
320.0,0.5,640.0,1.0,656384,1024,49,4,n1845-1,320.0,134.29341
320.0,0.25,640.0,0.5,656384,512,57,1,n1837-1,320.0,134.29341
320.25,0.25,640.5,0.5,656896,512,64,1,n1838-1,320.0,134.29341
320.5,0.25,641.0,0.5,657408,512,67,1,n1839-1,320.0,134.29341
320.75,0.25,641.5,0.5,657920,512,64,1,n1840-1,320.0,134.29341
321.0,0.25,642.0,0.5,658432,512,57,1,n1841-1,321.0,134.71327
321.0,0.5,642.0,1.0,658432,1024,79,4,n1847-1,321.0,134.71327
321.25,0.25,642.5,0.5,658944,512,64,1,n1842-1,321.0,134.71327
321.5,0.25,643.0,0.5,659456,512,67,1,n1843-1,321.0,134.71327
321.75,0.25,643.5,0.5,659968,512,64,1,n1844-1,321.0,134.71327
322.0,0.25,644.0,0.5,660480,512,57,1,n1849-1,322.0,135.07545
322.25,0.25,644.5,0.5,660992,512,64,1,n1850-1,322.0,135.07545
322.5,0.25,645.0,0.5,661504,512,67,1,n1851-1,322.0,135.07545
322.75,0.25,645.5,0.5,662016,512,49,4,n1859-1,322.0,135.07545
322.75,0.25,645.5,0.5,662016,512,64,1,n1852-1,322.0,135.07545
323.0,0.25,646.0,0.5,662528,512,50,4,n1860-1,323.0,135.40771
323.0,0.25,646.0,0.5,662528,512,57,1,n1853-1,323.0,135.40771
323.25,0.25,646.5,0.5,663040,512,49,4,n1861-1,323.0,135.40771
323.25,0.25,646.5,0.5,663040,512,64,1,n1854-1,323.0,135.40771
323.5,0.25,647.0,0.5,663552,512,47,4,n1862-1,323.0,135.40771
323.5,0.25,647.0,0.5,663552,512,67,1,n1855-1,323.0,135.40771
323.75,0.25,647.5,0.5,664064,512,49,4,n1863-1,323.0,135.40771
323.75,0.25,647.5,0.5,664064,512,64,1,n1856-1,323.0,135.40771
324.0,0.5,648.0,1.0,664576,1024,50,4,n1872-1,324.0,135.76616
324.0,0.25,648.0,0.5,664576,512,57,1,n1864-1,324.0,135.76616
324.25,0.25,648.5,0.5,665088,512,62,1,n1865-1,324.0,135.76616
324.5,0.25,649.0,0.5,665600,512,65,1,n1866-1,324.0,135.76616
324.75,0.25,649.5,0.5,666112,512,62,1,n1867-1,324.0,135.76616
325.0,0.25,650.0,0.5,666624,512,57,1,n1868-1,325.0,136.1807
325.0,0.5,650.0,1.0,666624,1024,77,4,n1874-1,325.0,136.1807
325.25,0.25,650.5,0.5,667136,512,62,1,n1869-1,325.0,136.1807
325.5,0.25,651.0,0.5,667648,512,65,1,n1870-1,325.0,136.1807
325.75,0.25,651.5,0.5,668160,512,62,1,n1871-1,325.0,136.1807
326.0,0.25,652.0,0.5,668672,512,57,1,n1876-1,326.0,136.55621
326.25,0.25,652.5,0.5,669184,512,62,1,n1877-1,326.0,136.55621
326.5,0.25,653.0,0.5,669696,512,65,1,n1878-1,326.0,136.55621
326.75,0.25,653.5,0.5,670208,512,50,4,n1886-1,326.0,136.55621
326.75,0.25,653.5,0.5,670208,512,62,1,n1879-1,326.0,136.55621
327.0,0.25,654.0,0.5,670720,512,52,4,n1887-1,327.0,136.89062
327.0,0.25,654.0,0.5,670720,512,57,1,n1880-1,327.0,136.89062
327.25,0.25,654.5,0.5,671232,512,50,4,n1888-1,327.0,136.89062
327.25,0.25,654.5,0.5,671232,512,62,1,n1881-1,327.0,136.89062
327.5,0.25,655.0,0.5,671744,512,49,4,n1889-1,327.0,136.89062
327.5,0.25,655.0,0.5,671744,512,65,1,n1882-1,327.0,136.89062
327.75,0.25,655.5,0.5,672256,512,50,4,n1890-1,327.0,136.89062
327.75,0.25,655.5,0.5,672256,512,62,1,n1883-1,327.0,136.89062
328.0,0.5,656.0,1.0,672768,1024,46,4,n1899-1,328.0,137.23196
328.0,0.25,656.0,0.5,672768,512,56,1,n1891-1,328.0,137.23196
328.25,0.25,656.5,0.5,673280,512,62,1,n1892-1,328.0,137.23196
328.5,0.25,657.0,0.5,673792,512,68,1,n1893-1,328.0,137.23196
328.75,0.25,657.5,0.5,674304,512,62,1,n1894-1,328.0,137.23196
329.0,0.25,658.0,0.5,674816,512,56,1,n1895-1,329.0,137.64757
329.0,0.5,658.0,1.0,674816,1024,86,4,n1901-1,329.0,137.64757
329.25,0.25,658.5,0.5,675328,512,62,1,n1896-1,329.0,137.64757
329.5,0.25,659.0,0.5,675840,512,68,1,n1897-1,329.0,137.64757
329.75,0.25,659.5,0.5,676352,512,62,1,n1898-1,329.0,137.64757
330.0,0.25,660.0,0.5,676864,512,56,1,n1903-1,330.0,138.01028
330.25,0.25,660.5,0.5,677376,512,62,1,n1904-1,330.0,138.01028
330.5,0.25,661.0,0.5,677888,512,68,1,n1905-1,330.0,138.01028
330.75,0.25,661.5,0.5,678400,512,46,4,n1913-1,330.0,138.01028
330.75,0.25,661.5,0.5,678400,512,62,1,n1906-1,330.0,138.01028
331.0,0.25,662.0,0.5,678912,512,48,4,n1914-1,331.0,138.34735
331.0,0.25,662.0,0.5,678912,512,56,1,n1907-1,331.0,138.34735
331.25,0.25,662.5,0.5,679424,512,46,4,n1915-1,331.0,138.34735
331.25,0.25,662.5,0.5,679424,512,62,1,n1908-1,331.0,138.34735
331.5,0.25,663.0,0.5,679936,512,45,4,n1916-1,331.0,138.34735
331.5,0.25,663.0,0.5,679936,512,68,1,n1909-1,331.0,138.34735
331.75,0.25,663.5,0.5,680448,512,46,4,n1917-1,331.0,138.34735
331.75,0.25,663.5,0.5,680448,512,62,1,n1910-1,331.0,138.34735
332.0,0.5,664.0,1.0,680960,1024,45,4,n1926-1,332.0,138.69456
332.0,0.25,664.0,0.5,680960,512,57,1,n1918-1,332.0,138.69456
332.25,0.25,664.5,0.5,681472,512,61,1,n1919-1,332.0,138.69456
332.5,0.5,665.0,1.0,681984,1024,32,4,n1927-1,332.0,138.69456
332.5,0.25,665.0,0.5,681984,512,69,1,n1920-1,332.0,138.69456
332.75,0.25,665.5,0.5,682496,512,61,1,n1921-1,332.0,138.69456
333.0,0.5,666.0,1.0,683008,1024,33,4,n1928-1,333.0,139.0872
333.0,0.25,666.0,0.5,683008,512,57,1,n1922-1,333.0,139.0872
333.25,0.25,666.5,0.5,683520,512,61,1,n1923-1,333.0,139.0872
333.5,0.5,667.0,1.0,684032,1024,36,4,n1929-1,333.0,139.0872
333.5,0.25,667.0,0.5,684032,512,64,1,n1924-1,333.0,139.0872
333.75,0.25,667.5,0.5,684544,512,61,1,n1925-1,333.0,139.0872
334.0,0.5,668.0,1.0,685056,1024,37,4,n1938-1,334.0,139.45738
334.0,0.25,668.0,0.5,685056,512,57,1,n1930-1,334.0,139.45738
334.25,0.25,668.5,0.5,685568,512,61,1,n1931-1,334.0,139.45738
334.5,0.5,669.0,1.0,686080,1024,39,4,n1939-1,334.0,139.45738
334.5,0.25,669.0,0.5,686080,512,64,1,n1932-1,334.0,139.45738
334.75,0.25,669.5,0.5,686592,512,61,1,n1933-1,334.0,139.45738
335.0,0.5,670.0,1.0,687104,1024,40,4,n1940-1,335.0,139.83932
335.0,0.25,670.0,0.5,687104,512,57,1,n1934-1,335.0,139.83932
335.25,0.25,670.5,0.5,687616,512,61,1,n1935-1,335.0,139.83932
335.5,0.5,671.0,1.0,688128,1024,44,4,n1941-1,335.0,139.83932
335.5,0.25,671.0,0.5,688128,512,64,1,n1936-1,335.0,139.83932
335.75,0.25,671.5,0.5,688640,512,61,1,n1937-1,335.0,139.83932
336.0,0.5,672.0,1.0,689152,1024,45,4,n1950-1,336.0,140.24211
336.0,0.25,672.0,0.5,689152,512,57,1,n1942-1,336.0,140.24211
336.25,0.25,672.5,0.5,689664,512,62,1,n1943-1,336.0,140.24211
336.5,0.25,673.0,0.5,690176,512,65,1,n1944-1,336.0,140.24211
336.5,0.5,673.0,1.0,690176,1024,68,4,n1951-1,336.0,140.24211
336.75,0.25,673.5,0.5,690688,512,62,1,n1945-1,336.0,140.24211
337.0,0.25,674.0,0.5,691200,512,57,1,n1946-1,337.0,140.64114
337.0,0.5,674.0,1.0,691200,1024,69,4,n1952-1,337.0,140.64114
337.25,0.25,674.5,0.5,691712,512,62,1,n1947-1,337.0,140.64114
337.5,0.25,675.0,0.5,692224,512,65,1,n1948-1,337.0,140.64114
337.5,0.5,675.0,1.0,692224,1024,73,4,n1953-1,337.0,140.64114
337.75,0.25,675.5,0.5,692736,512,62,1,n1949-1,337.0,140.64114
338.0,0.25,676.0,0.5,693248,512,57,1,n1954-1,338.0,141.00813
338.0,0.5,676.0,1.0,693248,1024,74,4,n1962-1,338.0,141.00813
338.25,0.25,676.5,0.5,693760,512,62,1,n1955-1,338.0,141.00813
338.5,0.25,677.0,0.5,694272,512,65,1,n1956-1,338.0,141.00813
338.5,0.5,677.0,1.0,694272,1024,76,4,n1963-1,338.0,141.00813
338.75,0.25,677.5,0.5,694784,512,62,1,n1957-1,338.0,141.00813
339.0,0.25,678.0,0.5,695296,512,57,1,n1958-1,339.0,141.39435
339.0,0.5,678.0,1.0,695296,1024,77,4,n1964-1,339.0,141.39435
339.25,0.25,678.5,0.5,695808,512,62,1,n1959-1,339.0,141.39435
339.5,0.25,679.0,0.5,696320,512,65,1,n1960-1,339.0,141.39435
339.5,0.5,679.0,1.0,696320,1024,80,4,n1965-1,339.0,141.39435
339.75,0.25,679.5,0.5,696832,512,62,1,n1961-1,339.0,141.39435
340.0,0.25,680.0,0.5,697344,512,57,1,n1966-1,340.0,141.81209
340.0,0.5,680.0,1.0,697344,1024,81,4,n1974-1,340.0,141.81209
340.25,0.25,680.5,0.5,697856,512,61,1,n1967-1,340.0,141.81209
340.5,0.5,681.0,1.0,698368,1024,44,4,n1975-1,340.0,141.81209
340.5,0.25,681.0,0.5,698368,512,64,1,n1968-1,340.0,141.81209
340.75,0.25,681.5,0.5,698880,512,61,1,n1969-1,340.0,141.81209
341.0,0.5,682.0,1.0,699392,1024,45,4,n1976-1,341.0,142.20578
341.0,0.25,682.0,0.5,699392,512,57,1,n1970-1,341.0,142.20578
341.25,0.25,682.5,0.5,699904,512,61,1,n1971-1,341.0,142.20578
341.5,0.5,683.0,1.0,700416,1024,48,4,n1977-1,341.0,142.20578
341.5,0.25,683.0,0.5,700416,512,64,1,n1972-1,341.0,142.20578
341.75,0.25,683.5,0.5,700928,512,61,1,n1973-1,341.0,142.20578
342.0,0.5,684.0,1.0,701440,1024,49,4,n1986-1,342.0,142.58719
342.0,0.25,684.0,0.5,701440,512,57,1,n1978-1,342.0,142.58719
342.25,0.25,684.5,0.5,701952,512,61,1,n1979-1,342.0,142.58719
342.5,0.5,685.0,1.0,702464,1024,51,4,n1987-1,342.0,142.58719
342.5,0.25,685.0,0.5,702464,512,64,1,n1980-1,342.0,142.58719
342.75,0.25,685.5,0.5,702976,512,61,1,n1981-1,342.0,142.58719
343.0,0.5,686.0,1.0,703488,1024,52,4,n1988-1,343.0,142.96806
343.0,0.25,686.0,0.5,703488,512,57,1,n1982-1,343.0,142.96806
343.25,0.25,686.5,0.5,704000,512,61,1,n1983-1,343.0,142.96806
343.5,0.5,687.0,1.0,704512,1024,56,4,n1989-1,343.0,142.96806
343.5,0.25,687.0,0.5,704512,512,64,1,n1984-1,343.0,142.96806
343.75,0.25,687.5,0.5,705024,512,61,1,n1985-1,343.0,142.96806
344.0,0.25,688.0,0.5,705536,512,57,4,n1991-1,344.0,143.36816
344.25,0.25,688.5,0.5,706048,512,62,4,n1992-1,344.0,143.36816
344.5,0.25,689.0,0.5,706560,512,65,4,n1993-1,344.0,143.36816
344.5,0.5,689.0,1.0,706560,1024,68,5,n1999-1,344.0,143.36816
344.75,0.25,689.5,0.5,707072,512,62,4,n1994-1,344.0,143.36816
345.0,0.25,690.0,0.5,707584,512,57,4,n1995-1,345.0,143.74156
345.0,0.5,690.0,1.0,707584,1024,69,5,n2000-1,345.0,143.74156
345.25,0.25,690.5,0.5,708096,512,62,4,n1996-1,345.0,143.74156
345.5,0.25,691.0,0.5,708608,512,65,4,n1997-1,345.0,143.74156
345.5,0.5,691.0,1.0,708608,1024,73,5,n2001-1,345.0,143.74156
345.75,0.25,691.5,0.5,709120,512,62,4,n1998-1,345.0,143.74156
346.0,0.25,692.0,0.5,709632,512,57,1,n2002-1,346.0,144.11496
346.0,0.5,692.0,1.0,709632,1024,74,4,n2010-1,346.0,144.11496
346.25,0.25,692.5,0.5,710144,512,62,1,n2003-1,346.0,144.11496
346.5,0.25,693.0,0.5,710656,512,65,1,n2004-1,346.0,144.11496
346.5,0.5,693.0,1.0,710656,1024,76,4,n2011-1,346.0,144.11496
346.75,0.25,693.5,0.5,711168,512,62,1,n2005-1,346.0,144.11496
347.0,0.25,694.0,0.5,711680,512,57,1,n2006-1,347.0,144.4905
347.0,0.5,694.0,1.0,711680,1024,77,4,n2012-1,347.0,144.4905
347.25,0.25,694.5,0.5,712192,512,62,1,n2007-1,347.0,144.4905
347.5,0.25,695.0,0.5,712704,512,65,1,n2008-1,347.0,144.4905
347.5,0.5,695.0,1.0,712704,1024,80,4,n2013-1,347.0,144.4905
347.75,0.25,695.5,0.5,713216,512,62,1,n2009-1,347.0,144.4905
348.0,0.25,696.0,0.5,713728,512,57,1,n2014-1,348.0,144.90288
348.0,0.5,696.0,1.0,713728,1024,81,4,n2022-1,348.0,144.90288
348.25,0.25,696.5,0.5,714240,512,61,1,n2015-1,348.0,144.90288
348.5,0.25,697.0,0.5,714752,512,64,1,n2016-1,348.0,144.90288
348.75,0.25,697.5,0.5,715264,512,61,1,n2017-1,348.0,144.90288
349.0,0.25,698.0,0.5,715776,512,57,1,n2018-1,349.0,145.27734
349.25,0.25,698.5,0.5,716288,512,61,1,n2019-1,349.0,145.27734
349.5,0.25,699.0,0.5,716800,512,64,1,n2020-1,349.0,145.27734
349.75,0.25,699.5,0.5,717312,512,61,1,n2021-1,349.0,145.27734
350.0,0.5,700.0,1.0,717824,1024,45,4,n2033-1,350.0,145.62564
350.0,0.25,700.0,0.5,717824,512,57,1,n2025-1,350.0,145.62564
350.25,0.25,700.5,0.5,718336,512,61,1,n2026-1,350.0,145.62564
350.5,0.25,701.0,0.5,718848,512,64,1,n2027-1,350.0,145.62564
350.75,0.25,701.5,0.5,719360,512,61,1,n2028-1,350.0,145.62564
351.0,0.25,702.0,0.5,719872,512,57,1,n2029-1,351.0,146.00812
351.25,0.25,702.5,0.5,720384,512,61,1,n2030-1,351.0,146.00812
351.5,0.25,703.0,0.5,720896,512,64,1,n2031-1,351.0,146.00812
351.75,0.25,703.5,0.5,721408,512,61,1,n2032-1,351.0,146.00812
352.0,0.25,704.0,0.5,721920,512,59,1,n2036-1,352.0,146.36389
352.0,0.5,704.0,1.0,721920,1024,86,4,n2044-1,352.0,146.36389
352.25,0.25,704.5,0.5,722432,512,62,1,n2037-1,352.0,146.36389
352.5,0.25,705.0,0.5,722944,512,67,1,n2038-1,352.0,146.36389
352.75,0.25,705.5,0.5,723456,512,62,1,n2039-1,352.0,146.36389
353.0,0.25,706.0,0.5,723968,512,59,1,n2040-1,353.0,146.74423
353.25,0.25,706.5,0.5,724480,512,62,1,n2041-1,353.0,146.74423
353.5,0.25,707.0,0.5,724992,512,67,1,n2042-1,353.0,146.74423
353.75,0.25,707.5,0.5,725504,512,62,1,n2043-1,353.0,146.74423
354.0,0.5,708.0,1.0,726016,1024,47,4,n2055-1,354.0,147.1016
354.0,0.25,708.0,0.5,726016,512,59,1,n2047-1,354.0,147.1016
354.25,0.25,708.5,0.5,726528,512,62,1,n2048-1,354.0,147.1016
354.5,0.25,709.0,0.5,727040,512,67,1,n2049-1,354.0,147.1016
354.75,0.25,709.5,0.5,727552,512,62,1,n2050-1,354.0,147.1016
355.0,0.25,710.0,0.5,728064,512,59,1,n2051-1,355.0,147.4579
355.25,0.25,710.5,0.5,728576,512,62,1,n2052-1,355.0,147.4579
355.5,0.25,711.0,0.5,729088,512,67,1,n2053-1,355.0,147.4579
355.75,0.25,711.5,0.5,729600,512,62,1,n2054-1,355.0,147.4579
356.0,0.25,712.0,0.5,730112,512,57,1,n2058-1,356.0,147.85106
356.0,0.5,712.0,1.0,730112,1024,88,4,n2066-1,356.0,147.85106
356.25,0.25,712.5,0.5,730624,512,64,1,n2059-1,356.0,147.85106
356.5,0.25,713.0,0.5,731136,512,67,1,n2060-1,356.0,147.85106
356.75,0.25,713.5,0.5,731648,512,64,1,n2061-1,356.0,147.85106
357.0,0.5,714.0,1.0,732160,1024,49,4,n2068-1,357.0,148.24689
357.0,0.25,714.0,0.5,732160,512,57,1,n2062-1,357.0,148.24689
357.25,0.25,714.5,0.5,732672,512,64,1,n2063-1,357.0,148.24689
357.5,0.25,715.0,0.5,733184,512,67,1,n2064-1,357.0,148.24689
357.75,0.25,715.5,0.5,733696,512,64,1,n2065-1,357.0,148.24689
358.0,0.25,716.0,0.5,734208,512,57,1,n2070-1,358.0,148.59251
358.25,0.25,716.5,0.5,734720,512,64,1,n2071-1,358.0,148.59251
358.5,0.25,717.0,0.5,735232,512,67,1,n2072-1,358.0,148.59251
358.75,0.25,717.5,0.5,735744,512,64,1,n2073-1,358.0,148.59251
359.0,0.25,718.0,0.5,736256,512,57,1,n2074-1,359.0,148.9611
359.0,0.5,718.0,1.0,736256,1024,76,4,n2079-1,359.0,148.9611
359.25,0.25,718.5,0.5,736768,512,64,1,n2075-1,359.0,148.9611
359.5,0.25,719.0,0.5,737280,512,67,1,n2076-1,359.0,148.9611
359.75,0.25,719.5,0.5,737792,512,64,1,n2077-1,359.0,148.9611
360.0,0.25,720.0,0.5,738304,512,57,1,n2081-1,360.0,149.32755
360.25,0.25,720.5,0.5,738816,512,64,1,n2082-1,360.0,149.32755
360.5,0.25,721.0,0.5,739328,512,67,1,n2083-1,360.0,149.32755
360.75,0.25,721.5,0.5,739840,512,64,1,n2084-1,360.0,149.32755
361.0,0.5,722.0,1.0,740352,1024,37,4,n2090-1,361.0,149.70895
361.0,0.25,722.0,0.5,740352,512,57,1,n2085-1,361.0,149.70895
361.25,0.25,722.5,0.5,740864,512,64,1,n2086-1,361.0,149.70895
361.5,0.25,723.0,0.5,741376,512,67,1,n2087-1,361.0,149.70895
361.75,0.25,723.5,0.5,741888,512,64,1,n2088-1,361.0,149.70895
362.0,0.25,724.0,0.5,742400,512,57,1,n2092-1,362.0,150.1032
362.25,0.25,724.5,0.5,742912,512,64,1,n2093-1,362.0,150.1032
362.5,0.25,725.0,0.5,743424,512,67,1,n2094-1,362.0,150.1032
362.75,0.25,725.5,0.5,743936,512,64,1,n2095-1,362.0,150.1032
363.0,0.25,726.0,0.5,744448,512,57,1,n2096-1,363.0,150.4862
363.0,0.5,726.0,1.0,744448,1024,79,4,n2101-1,363.0,150.4862
363.25,0.25,726.5,0.5,744960,512,64,1,n2097-1,363.0,150.4862
363.5,0.25,727.0,0.5,745472,512,67,1,n2098-1,363.0,150.4862
363.75,0.25,727.5,0.5,745984,512,64,1,n2099-1,363.0,150.4862
364.0,1.5,728.0,3.0,746496,3072,37,4,n2106-1,364.0,150.96696
364.0,1.5,728.0,3.0,746496,3072,45,4,n2107-1,364.0,150.96696
364.0,1.5,728.0,3.0,746496,3072,49,4,n2108-1,364.0,150.96696
364.0,1.5,728.0,3.0,746496,3072,57,1,n2103-1,364.0,150.96696
364.0,1.5,728.0,3.0,746496,3072,64,1,n2104-1,364.0,150.96696
364.0,1.5,728.0,3.0,746496,3072,67,1,n2105-1,364.0,150.96696
365.5,0.5,731.0,1.0,749568,1024,38,5,n2111-1,365.0,152.3644
365.5,0.5,731.0,1.0,749568,1024,50,4,n2110-1,365.0,152.3644
365.5,0.5,731.0,1.0,749568,1024,62,1,n2109-1,365.0,152.3644
366.0,0.5,732.0,1.0,750592,1024,37,4,n2116-1,366.0,153.76183
366.0,0.5,732.0,1.0,750592,1024,61,1,n2112-1,366.0,153.76183
366.5,0.5,733.0,1.0,751616,1024,35,4,n2117-1,366.0,153.76183
366.5,0.5,733.0,1.0,751616,1024,59,1,n2113-1,366.0,153.76183
367.0,0.5,734.0,1.0,752640,1024,33,4,n2118-1,367.0,154.15714
367.0,0.5,734.0,1.0,752640,1024,57,1,n2114-1,367.0,154.15714
367.5,0.5,735.0,1.0,753664,1024,37,4,n2119-1,367.0,154.15714
367.5,0.5,735.0,1.0,753664,1024,61,1,n2115-1,367.0,154.15714
368.0,0.5,736.0,1.0,754688,1024,38,4,n2126-1,368.0,154.54388
368.0,0.5,736.0,1.0,754688,1024,62,1,n2120-1,368.0,154.54388
368.5,0.5,737.0,1.0,755712,1024,42,4,n2127-1,368.0,154.54388
368.5,0.5,737.0,1.0,755712,1024,66,1,n2121-1,368.0,154.54388
369.0,0.5,738.0,1.0,756736,1024,33,4,n2128-1,369.0,154.94185
369.0,0.5,738.0,1.0,756736,1024,45,4,n2129-1,369.0,154.94185
369.0,0.5,738.0,1.0,756736,1024,57,1,n2122-1,369.0,154.94185
369.0,0.5,738.0,1.0,756736,1024,69,1,n2123-1,369.0,154.94185
369.5,0.5,739.0,1.0,757760,1024,37,4,n2130-1,369.0,154.94185
369.5,0.5,739.0,1.0,757760,1024,49,4,n2131-1,369.0,154.94185
369.5,0.5,739.0,1.0,757760,1024,61,1,n2124-1,369.0,154.94185
369.5,0.5,739.0,1.0,757760,1024,73,1,n2125-1,369.0,154.94185
370.0,0.5,740.0,1.0,758784,1024,38,4,n2140-1,370.0,155.3318
370.0,0.5,740.0,1.0,758784,1024,50,4,n2141-1,370.0,155.3318
370.0,0.5,740.0,1.0,758784,1024,62,1,n2132-1,370.0,155.3318
370.0,0.5,740.0,1.0,758784,1024,74,1,n2133-1,370.0,155.3318
370.5,0.5,741.0,1.0,759808,1024,40,4,n2142-1,370.0,155.3318
370.5,0.5,741.0,1.0,759808,1024,52,4,n2143-1,370.0,155.3318
370.5,0.5,741.0,1.0,759808,1024,64,1,n2134-1,370.0,155.3318
370.5,0.5,741.0,1.0,759808,1024,76,1,n2135-1,370.0,155.3318
371.0,0.5,742.0,1.0,760832,1024,42,4,n2144-1,371.0,155.71962
371.0,0.5,742.0,1.0,760832,1024,54,4,n2145-1,371.0,155.71962
371.0,0.5,742.0,1.0,760832,1024,66,1,n2136-1,371.0,155.71962
371.0,0.5,742.0,1.0,760832,1024,78,1,n2137-1,371.0,155.71962
371.5,0.5,743.0,1.0,761856,1024,43,4,n2146-1,371.0,155.71962
371.5,0.5,743.0,1.0,761856,1024,55,4,n2147-1,371.0,155.71962
371.5,0.5,743.0,1.0,761856,1024,67,1,n2138-1,371.0,155.71962
371.5,0.5,743.0,1.0,761856,1024,79,1,n2139-1,371.0,155.71962
372.0,1.5,744.0,3.0,762880,3072,45,4,n2151-1,372.0,156.21214
372.0,1.5,744.0,3.0,762880,3072,57,4,n2152-1,372.0,156.21214
372.0,1.5,744.0,3.0,762880,3072,69,1,n2148-1,372.0,156.21214
372.0,1.5,744.0,3.0,762880,3072,81,1,n2149-1,372.0,156.21214
373.5,0.5,747.0,1.0,765952,1024,66,4,n2153-1,373.0,157.17528
373.5,0.5,747.0,1.0,765952,1024,69,4,n2154-1,373.0,157.17528
373.5,0.5,747.0,1.0,765952,1024,74,2,n2150-1,373.0,157.17528
374.0,0.5,748.0,1.0,766976,1024,64,4,n2160-1,374.0,158.13843
374.0,0.5,748.0,1.0,766976,1024,67,4,n2161-1,374.0,158.13843
374.0,0.5,748.0,1.0,766976,1024,73,1,n2155-1,374.0,158.13843
374.5,0.5,749.0,1.0,768000,1024,62,4,n2162-1,374.0,158.13843
374.5,0.5,749.0,1.0,768000,1024,66,4,n2163-1,374.0,158.13843
374.5,0.5,749.0,1.0,768000,1024,71,1,n2156-1,374.0,158.13843
375.0,0.5,750.0,1.0,769024,1024,61,4,n2164-1,375.0,158.49472
375.0,0.5,750.0,1.0,769024,1024,64,4,n2165-1,375.0,158.49472
375.0,0.5,750.0,1.0,769024,1024,69,1,n2157-1,375.0,158.49472
375.5,0.5,751.0,1.0,770048,1024,62,4,n2166-1,375.0,158.49472
375.5,0.5,751.0,1.0,770048,1024,66,4,n2167-1,375.0,158.49472
375.5,0.5,751.0,1.0,770048,1024,71,1,n2158-1,375.0,158.49472
375.5,0.5,751.0,1.0,770048,1024,81,2,n2159-1,375.0,158.49472
376.0,0.5,752.0,1.0,771072,1024,61,4,n2173-1,376.0,158.90712
376.0,0.5,752.0,1.0,771072,1024,64,4,n2174-1,376.0,158.90712
376.0,0.5,752.0,1.0,771072,1024,69,1,n2168-1,376.0,158.90712
376.0,1.5,752.0,3.0,771072,3072,81,2,n2172-1,376.0,158.90712
376.5,0.5,753.0,1.0,772096,1024,59,4,n2175-1,376.0,158.90712
376.5,0.5,753.0,1.0,772096,1024,62,4,n2176-1,376.0,158.90712
376.5,0.5,753.0,1.0,772096,1024,67,1,n2169-1,376.0,158.90712
377.0,0.5,754.0,1.0,773120,1024,57,4,n2177-1,377.0,159.28586
377.0,0.5,754.0,1.0,773120,1024,61,4,n2178-1,377.0,159.28586
377.0,0.5,754.0,1.0,773120,1024,66,1,n2170-1,377.0,159.28586
377.5,0.5,755.0,1.0,774144,1024,59,4,n2179-1,377.0,159.28586
377.5,0.5,755.0,1.0,774144,1024,62,4,n2180-1,377.0,159.28586
377.5,0.5,755.0,1.0,774144,1024,67,1,n2171-1,377.0,159.28586
378.0,0.5,756.0,1.0,775168,1024,57,4,n2186-1,378.0,159.68756
378.0,0.5,756.0,1.0,775168,1024,61,4,n2187-1,378.0,159.68756
378.0,0.5,756.0,1.0,775168,1024,66,1,n2181-1,378.0,159.68756
378.5,0.5,757.0,1.0,776192,1024,55,4,n2188-1,378.0,159.68756
378.5,0.5,757.0,1.0,776192,1024,59,4,n2189-1,378.0,159.68756
378.5,0.5,757.0,1.0,776192,1024,64,1,n2182-1,378.0,159.68756
379.0,0.5,758.0,1.0,777216,1024,54,4,n2190-1,379.0,160.06577
379.0,0.5,758.0,1.0,777216,1024,57,4,n2191-1,379.0,160.06577
379.0,0.5,758.0,1.0,777216,1024,62,1,n2183-1,379.0,160.06577
379.5,0.5,759.0,1.0,778240,1024,55,4,n2192-1,379.0,160.06577
379.5,0.5,759.0,1.0,778240,1024,59,4,n2193-1,379.0,160.06577
379.5,0.5,759.0,1.0,778240,1024,64,1,n2184-1,379.0,160.06577
379.5,0.5,759.0,1.0,778240,1024,74,2,n2185-1,379.0,160.06577
380.0,0.5,760.0,1.0,779264,1024,54,4,n2202-1,380.0,160.46266
380.0,0.5,760.0,1.0,779264,1024,57,4,n2203-1,380.0,160.46266
380.0,0.5,760.0,1.0,779264,1024,62,1,n2194-1,380.0,160.46266
380.0,0.5,760.0,1.0,779264,1024,74,1,n2195-1,380.0,160.46266
380.5,0.5,761.0,1.0,780288,1024,52,4,n2204-1,380.0,160.46266
380.5,0.5,761.0,1.0,780288,1024,55,4,n2205-1,380.0,160.46266
380.5,0.5,761.0,1.0,780288,1024,61,1,n2196-1,380.0,160.46266
380.5,0.5,761.0,1.0,780288,1024,73,1,n2197-1,380.0,160.46266
381.0,0.5,762.0,1.0,781312,1024,50,4,n2206-1,381.0,160.8414
381.0,0.5,762.0,1.0,781312,1024,54,4,n2207-1,381.0,160.8414
381.0,0.5,762.0,1.0,781312,1024,62,1,n2198-1,381.0,160.8414
381.0,0.5,762.0,1.0,781312,1024,74,1,n2199-1,381.0,160.8414
381.5,1.0,763.0,2.0,782336,2048,63,1,n2200-1,381.0,160.8414
381.5,1.0,763.0,2.0,782336,2048,75,1,n2201-1,381.0,160.8414
382.0,0.5,764.0,1.0,783360,1024,43,4,n2216-1,382.0,161.25273
382.0,0.5,764.0,1.0,783360,1024,55,4,n2217-1,382.0,161.25273
382.5,0.5,765.0,1.0,784384,1024,64,1,n2211-1,382.0,161.25273
382.5,0.5,765.0,1.0,784384,1024,76,1,n2212-1,382.0,161.25273
383.0,0.5,766.0,1.0,785408,1024,45,4,n2219-1,383.0,161.64482
383.0,0.5,766.0,1.0,785408,1024,57,4,n2220-1,383.0,161.64482
383.0,0.5,766.0,1.0,785408,1024,67,2,n2215-1,383.0,161.64482
383.0,0.5,766.0,1.0,785408,1024,73,1,n2213-1,383.0,161.64482
383.5,0.5,767.0,1.0,786432,1024,69,1,n2214-1,383.0,161.64482
384.0,0.5,768.0,1.0,787456,1024,38,4,n2226-1,384.0,162.093
384.0,0.5,768.0,1.0,787456,1024,50,4,n2227-1,384.0,162.093
384.0,0.5,768.0,1.0,787456,1024,66,2,n2225-1,384.0,162.093
384.0,0.5,768.0,1.0,787456,1024,74,1,n2222-1,384.0,162.093
385.5,0.25,771.0,0.5,790528,512,78,1,n2223-1,385.0,162.4875
385.75,0.25,771.5,0.5,791040,512,86,1,n2224-1,385.0,162.4875
386.0,0.25,772.0,0.5,791552,512,76,1,n2230-1,386.0,162.882
386.25,0.25,772.5,0.5,792064,512,85,1,n2231-1,386.0,162.882
386.5,0.25,773.0,0.5,792576,512,74,1,n2232-1,386.0,162.882
386.75,0.25,773.5,0.5,793088,512,83,1,n2233-1,386.0,162.882
387.0,0.25,774.0,0.5,793600,512,73,1,n2234-1,387.0,163.21854
387.25,0.25,774.5,0.5,794112,512,81,1,n2235-1,387.0,163.21854
387.5,0.5,775.0,1.0,794624,1024,33,4,n2240-1,387.0,163.21854
387.5,0.5,775.0,1.0,794624,1024,45,4,n2241-1,387.0,163.21854
387.5,0.25,775.0,0.5,794624,512,74,1,n2236-1,387.0,163.21854
387.75,0.25,775.5,0.5,795136,512,83,1,n2237-1,387.0,163.21854
388.0,3.5,776.0,7.0,795648,7168,33,4,n2250-1,388.0,163.59247
388.0,3.5,776.0,7.0,795648,7168,45,4,n2251-1,388.0,163.59247
388.0,0.25,776.0,0.5,795648,512,73,1,n2242-1,388.0,163.59247
388.25,0.25,776.5,0.5,796160,512,81,1,n2243-1,388.0,163.59247
388.5,0.25,777.0,0.5,796672,512,71,1,n2244-1,388.0,163.59247
388.75,0.25,777.5,0.5,797184,512,79,1,n2245-1,388.0,163.59247
389.0,0.25,778.0,0.5,797696,512,69,1,n2246-1,389.0,163.96854
389.25,0.25,778.5,0.5,798208,512,78,1,n2247-1,389.0,163.96854
389.5,0.25,779.0,0.5,798720,512,71,1,n2248-1,389.0,163.96854
389.75,0.25,779.5,0.5,799232,512,79,1,n2249-1,389.0,163.96854
390.0,0.25,780.0,0.5,799744,512,69,1,n2252-1,390.0,164.3072
390.25,0.25,780.5,0.5,800256,512,78,1,n2253-1,390.0,164.3072
390.5,0.25,781.0,0.5,800768,512,67,1,n2254-1,390.0,164.3072
390.75,0.25,781.5,0.5,801280,512,76,1,n2255-1,390.0,164.3072
391.0,0.25,782.0,0.5,801792,512,66,1,n2256-1,391.0,164.65977
391.25,0.25,782.5,0.5,802304,512,75,1,n2257-1,391.0,164.65977
391.5,0.5,783.0,1.0,802816,1024,34,4,n2262-1,391.0,164.65977
391.5,0.5,783.0,1.0,802816,1024,46,4,n2263-1,391.0,164.65977
391.5,0.25,783.0,0.5,802816,512,67,1,n2258-1,391.0,164.65977
391.75,0.25,783.5,0.5,803328,512,76,1,n2259-1,391.0,164.65977
392.0,1.5,784.0,3.0,803840,3072,34,4,n2272-1,392.0,165.07857
392.0,1.5,784.0,3.0,803840,3072,46,4,n2273-1,392.0,165.07857
392.0,0.25,784.0,0.5,803840,512,67,1,n2264-1,392.0,165.07857
392.25,0.25,784.5,0.5,804352,512,76,1,n2265-1,392.0,165.07857
392.5,0.25,785.0,0.5,804864,512,66,1,n2266-1,392.0,165.07857
392.75,0.25,785.5,0.5,805376,512,75,1,n2267-1,392.0,165.07857
393.0,0.25,786.0,0.5,805888,512,67,1,n2268-1,393.0,165.46638
393.25,0.25,786.5,0.5,806400,512,76,1,n2269-1,393.0,165.46638
393.5,0.5,787.0,1.0,806912,1024,35,4,n2274-1,393.0,165.46638
393.5,0.5,787.0,1.0,806912,1024,47,4,n2275-1,393.0,165.46638
393.5,0.25,787.0,0.5,806912,512,79,1,n2270-1,393.0,165.46638
393.75,0.25,787.5,0.5,807424,512,88,1,n2271-1,393.0,165.46638
394.0,1.5,788.0,3.0,807936,3072,35,4,n2284-1,394.0,165.84245
394.0,1.5,788.0,3.0,807936,3072,47,4,n2285-1,394.0,165.84245
394.0,0.25,788.0,0.5,807936,512,79,1,n2276-1,394.0,165.84245
394.25,0.25,788.5,0.5,808448,512,88,1,n2277-1,394.0,165.84245
394.5,0.25,789.0,0.5,808960,512,78,1,n2278-1,394.0,165.84245
394.75,0.25,789.5,0.5,809472,512,87,1,n2279-1,394.0,165.84245
395.0,0.25,790.0,0.5,809984,512,79,1,n2280-1,395.0,166.22173
395.25,0.25,790.5,0.5,810496,512,88,1,n2281-1,395.0,166.22173
395.5,0.5,791.0,1.0,811008,1024,36,4,n2286-1,395.0,166.22173
395.5,0.5,791.0,1.0,811008,1024,48,4,n2287-1,395.0,166.22173
395.5,0.25,791.0,0.5,811008,512,79,1,n2282-1,395.0,166.22173
395.75,0.25,791.5,0.5,811520,512,88,1,n2283-1,395.0,166.22173
396.0,1.5,792.0,3.0,812032,3072,36,4,n2296-1,396.0,166.62985
396.0,1.5,792.0,3.0,812032,3072,48,4,n2297-1,396.0,166.62985
396.0,0.25,792.0,0.5,812032,512,79,1,n2288-1,396.0,166.62985
396.25,0.25,792.5,0.5,812544,512,88,1,n2289-1,396.0,166.62985
396.5,0.25,793.0,0.5,813056,512,78,1,n2290-1,396.0,166.62985
396.75,0.25,793.5,0.5,813568,512,88,1,n2291-1,396.0,166.62985
397.0,0.25,794.0,0.5,814080,512,76,1,n2292-1,397.0,167.02515
397.25,0.25,794.5,0.5,814592,512,88,1,n2293-1,397.0,167.02515
397.5,0.5,795.0,1.0,815104,1024,36,4,n2298-1,397.0,167.02515
397.5,0.5,795.0,1.0,815104,1024,48,4,n2299-1,397.0,167.02515
397.5,0.25,795.0,0.5,815104,512,75,1,n2294-1,397.0,167.02515
397.75,0.25,795.5,0.5,815616,512,87,1,n2295-1,397.0,167.02515
398.0,1.5,796.0,3.0,816128,3072,37,4,n2308-1,398.0,167.43968
398.0,1.5,796.0,3.0,816128,3072,49,4,n2309-1,398.0,167.43968
398.0,0.25,796.0,0.5,816128,512,76,1,n2300-1,398.0,167.43968
398.25,0.25,796.5,0.5,816640,512,88,1,n2301-1,398.0,167.43968
398.5,0.25,797.0,0.5,817152,512,75,1,n2302-1,398.0,167.43968
398.75,0.25,797.5,0.5,817664,512,87,1,n2303-1,398.0,167.43968
399.0,0.25,798.0,0.5,818176,512,76,1,n2304-1,399.0,167.82857
399.25,0.25,798.5,0.5,818688,512,88,1,n2305-1,399.0,167.82857
399.5,0.5,799.0,1.0,819200,1024,37,4,n2310-1,399.0,167.82857
399.5,0.5,799.0,1.0,819200,1024,49,4,n2311-1,399.0,167.82857
399.5,0.25,799.0,0.5,819200,512,70,1,n2306-1,399.0,167.82857
399.75,0.25,799.5,0.5,819712,512,82,1,n2307-1,399.0,167.82857
400.0,0.5,800.0,1.0,820224,1024,35,4,n2320-1,400.0,168.24522
400.0,0.5,800.0,1.0,820224,1024,47,4,n2321-1,400.0,168.24522
400.0,0.25,800.0,0.5,820224,512,71,1,n2312-1,400.0,168.24522
400.25,0.25,800.5,0.5,820736,512,75,1,n2313-1,400.0,168.24522
400.5,0.25,801.0,0.5,821248,512,78,1,n2314-1,400.0,168.24522
400.75,0.25,801.5,0.5,821760,512,83,1,n2315-1,400.0,168.24522
401.0,0.25,802.0,0.5,822272,512,81,1,n2316-1,401.0,168.62984
401.25,0.25,802.5,0.5,822784,512,79,1,n2317-1,401.0,168.62984
401.5,0.5,803.0,1.0,823296,1024,59,4,n2324-1,401.0,168.62984
401.5,0.5,803.0,1.0,823296,1024,64,4,n2325-1,401.0,168.62984
401.5,0.5,803.0,1.0,823296,1024,67,4,n2326-1,401.0,168.62984
401.5,0.25,803.0,0.5,823296,512,78,1,n2318-1,401.0,168.62984
401.75,0.25,803.5,0.5,823808,512,76,1,n2319-1,401.0,168.62984
402.0,0.5,804.0,1.0,824320,1024,59,4,n2335-1,402.0,168.98454
402.0,0.5,804.0,1.0,824320,1024,63,4,n2336-1,402.0,168.98454
402.0,0.5,804.0,1.0,824320,1024,66,4,n2337-1,402.0,168.98454
402.0,0.25,804.0,0.5,824320,512,75,1,n2327-1,402.0,168.98454
402.25,0.25,804.5,0.5,824832,512,78,1,n2328-1,402.0,168.98454
402.5,0.25,805.0,0.5,825344,512,82,1,n2329-1,402.0,168.98454
402.75,0.25,805.5,0.5,825856,512,83,1,n2330-1,402.0,168.98454
403.0,0.25,806.0,0.5,826368,512,81,1,n2331-1,403.0,169.34566
403.25,0.25,806.5,0.5,826880,512,79,1,n2332-1,403.0,169.34566
403.5,0.5,807.0,1.0,827392,1024,59,4,n2340-1,403.0,169.34566
403.5,0.5,807.0,1.0,827392,1024,64,4,n2341-1,403.0,169.34566
403.5,0.5,807.0,1.0,827392,1024,67,4,n2342-1,403.0,169.34566
403.5,0.25,807.0,0.5,827392,512,78,1,n2333-1,403.0,169.34566
403.75,0.25,807.5,0.5,827904,512,76,1,n2334-1,403.0,169.34566
404.0,0.5,808.0,1.0,828416,1024,59,4,n2350-1,404.0,169.74095
404.0,0.5,808.0,1.0,828416,1024,63,4,n2351-1,404.0,169.74095
404.0,0.5,808.0,1.0,828416,1024,66,4,n2352-1,404.0,169.74095
404.0,0.25,808.0,0.5,828416,512,83,1,n2343-1,404.0,169.74095
404.25,0.25,808.5,0.5,828928,512,78,1,n2344-1,404.0,169.74095
404.5,0.25,809.0,0.5,829440,512,75,1,n2345-1,404.0,169.74095
404.75,0.25,809.5,0.5,829952,512,71,1,n2346-1,404.0,169.74095
405.0,0.25,810.0,0.5,830464,512,66,1,n2347-1,405.0,170.10634
405.25,0.25,810.5,0.5,830976,512,63,1,n2348-1,405.0,170.10634
405.5,0.1665039,811.0,0.3330078,831488,341,59,4,n2355-1,405.0,170.10634
405.6665,0.16699219,811.333,0.33398438,831829,342,54,4,n2356-1,405.0,170.10634
405.8335,0.1665039,811.667,0.3330078,832171,341,51,4,n2357-1,405.0,170.10634
406.0,0.5,812.0,1.0,832512,1024,47,4,n2361-1,406.0,170.55719
407.5,0.5,815.0,1.0,835584,1024,71,1,n2360-1,407.0,171.14319
408.0,0.25,816.0,0.5,836608,512,52,4,n2366-1,408.0,171.72919
408.0,1.0,816.0,2.0,836608,2048,79,1,n2364-1,408.0,171.72919
408.25,0.25,816.5,0.5,837120,512,55,4,n2367-1,408.0,171.72919
408.5,0.25,817.0,0.5,837632,512,59,4,n2368-1,408.0,171.72919
408.75,0.25,817.5,0.5,838144,512,55,4,n2369-1,408.0,171.72919
409.0,0.25,818.0,0.5,838656,512,51,4,n2370-1,409.0,172.07
409.0,1.0,818.0,2.0,838656,2048,83,1,n2365-1,409.0,172.07
409.25,0.25,818.5,0.5,839168,512,54,4,n2371-1,409.0,172.07
409.5,0.25,819.0,0.5,839680,512,59,4,n2372-1,409.0,172.07
409.75,0.25,819.5,0.5,840192,512,54,4,n2373-1,409.0,172.07
410.0,0.25,820.0,0.5,840704,512,52,4,n2379-1,410.0,172.45302
410.0,1.0,820.0,2.0,840704,2048,79,1,n2374-1,410.0,172.45302
410.25,0.25,820.5,0.5,841216,512,55,4,n2380-1,410.0,172.45302
410.5,0.25,821.0,0.5,841728,512,59,4,n2381-1,410.0,172.45302
410.75,0.25,821.5,0.5,842240,512,55,4,n2382-1,410.0,172.45302
411.0,0.25,822.0,0.5,842752,512,59,4,n2383-1,411.0,172.83603
411.0,0.25,822.0,0.5,842752,512,81,1,n2375-1,411.0,172.83603
411.25,0.25,822.5,0.5,843264,512,55,4,n2384-1,411.0,172.83603
411.25,0.25,822.5,0.5,843264,512,79,1,n2376-1,411.0,172.83603
411.5,0.25,823.0,0.5,843776,512,59,4,n2385-1,411.0,172.83603
411.5,0.25,823.0,0.5,843776,512,78,1,n2377-1,411.0,172.83603
411.75,0.25,823.5,0.5,844288,512,55,4,n2386-1,411.0,172.83603
411.75,0.25,823.5,0.5,844288,512,76,1,n2378-1,411.0,172.83603
412.0,0.25,824.0,0.5,844800,512,47,4,n2393-1,412.0,173.16776
412.0,0.5,824.0,1.0,844800,1024,75,1,n2387-1,412.0,173.16776
412.25,0.25,824.5,0.5,845312,512,54,4,n2394-1,412.0,173.16776
412.5,0.25,825.0,0.5,845824,512,57,4,n2395-1,412.0,173.16776
412.5,0.5,825.0,1.0,845824,1024,75,1,n2388-1,412.0,173.16776
412.75,0.25,825.5,0.5,846336,512,59,4,n2396-1,412.0,173.16776
413.0,0.25,826.0,0.5,846848,512,47,4,n2397-1,413.0,173.54703
413.0,0.25,826.0,0.5,846848,512,78,1,n2389-1,413.0,173.54703
413.25,0.25,826.5,0.5,847360,512,52,4,n2398-1,413.0,173.54703
413.25,0.25,826.5,0.5,847360,512,76,1,n2390-1,413.0,173.54703
413.5,0.25,827.0,0.5,847872,512,55,4,n2399-1,413.0,173.54703
413.5,0.25,827.0,0.5,847872,512,75,1,n2391-1,413.0,173.54703
413.75,0.25,827.5,0.5,848384,512,59,4,n2400-1,413.0,173.54703
413.75,0.25,827.5,0.5,848384,512,76,1,n2392-1,413.0,173.54703
414.0,0.25,828.0,0.5,848896,512,47,4,n2404-1,414.0,173.9231
414.0,1.0,828.0,2.0,848896,2048,78,1,n2401-1,414.0,173.9231
414.25,0.25,828.5,0.5,849408,512,51,4,n2405-1,414.0,173.9231
414.5,0.25,829.0,0.5,849920,512,54,4,n2406-1,414.0,173.9231
414.75,0.25,829.5,0.5,850432,512,58,4,n2407-1,414.0,173.9231
415.0,0.25,830.0,0.5,850944,512,59,4,n2408-1,415.0,174.30023
415.0,0.5,830.0,1.0,850944,1024,71,1,n2402-1,415.0,174.30023
415.25,0.25,830.5,0.5,851456,512,57,4,n2409-1,415.0,174.30023
415.5,0.25,831.0,0.5,851968,512,55,4,n2410-1,415.0,174.30023
415.5,0.5,831.0,1.0,851968,1024,71,1,n2403-1,415.0,174.30023
415.75,0.25,831.5,0.5,852480,512,54,4,n2411-1,415.0,174.30023
416.0,0.25,832.0,0.5,852992,512,52,4,n2418-1,416.0,174.70462
416.0,0.5,832.0,1.0,852992,1024,71,2,n2414-1,416.0,174.70462
416.0,1.0,832.0,2.0,852992,2048,79,1,n2412-1,416.0,174.70462
416.25,0.25,832.5,0.5,853504,512,55,4,n2419-1,416.0,174.70462
416.5,0.25,833.0,0.5,854016,512,59,4,n2420-1,416.0,174.70462
416.5,0.5,833.0,1.0,854016,1024,71,2,n2415-1,416.0,174.70462
416.75,0.25,833.5,0.5,854528,512,55,4,n2421-1,416.0,174.70462
417.0,0.25,834.0,0.5,855040,512,51,4,n2422-1,417.0,175.08923
417.0,0.5,834.0,1.0,855040,1024,71,2,n2416-1,417.0,175.08923
417.0,1.0,834.0,2.0,855040,2048,83,1,n2413-1,417.0,175.08923
417.25,0.25,834.5,0.5,855552,512,54,4,n2423-1,417.0,175.08923
417.5,0.25,835.0,0.5,856064,512,59,4,n2424-1,417.0,175.08923
417.5,0.5,835.0,1.0,856064,1024,71,2,n2417-1,417.0,175.08923
417.75,0.25,835.5,0.5,856576,512,54,4,n2425-1,417.0,175.08923
418.0,0.25,836.0,0.5,857088,512,52,4,n2435-1,418.0,175.49628
418.0,0.5,836.0,1.0,857088,1024,71,2,n2431-1,418.0,175.49628
418.0,1.0,836.0,2.0,857088,2048,79,1,n2426-1,418.0,175.49628
418.25,0.25,836.5,0.5,857600,512,55,4,n2436-1,418.0,175.49628
418.5,0.25,837.0,0.5,858112,512,59,4,n2437-1,418.0,175.49628
418.5,0.5,837.0,1.0,858112,1024,71,2,n2432-1,418.0,175.49628
418.75,0.25,837.5,0.5,858624,512,55,4,n2438-1,418.0,175.49628
419.0,0.25,838.0,0.5,859136,512,55,4,n2439-1,419.0,175.87662
419.0,0.5,838.0,1.0,859136,1024,71,2,n2433-1,419.0,175.87662
419.0,0.25,838.0,0.5,859136,512,81,1,n2427-1,419.0,175.87662
419.25,0.25,838.5,0.5,859648,512,59,4,n2440-1,419.0,175.87662
419.25,0.25,838.5,0.5,859648,512,79,1,n2428-1,419.0,175.87662
419.5,0.25,839.0,0.5,860160,512,64,4,n2441-1,419.0,175.87662
419.5,0.5,839.0,1.0,860160,1024,71,2,n2434-1,419.0,175.87662
419.5,0.25,839.0,0.5,860160,512,78,1,n2429-1,419.0,175.87662
419.75,0.25,839.5,0.5,860672,512,59,4,n2442-1,419.0,175.87662
419.75,0.25,839.5,0.5,860672,512,76,1,n2430-1,419.0,175.87662
420.0,0.25,840.0,0.5,861184,512,54,4,n2449-1,420.0,176.23506
420.0,0.5,840.0,1.0,861184,1024,74,1,n2443-1,420.0,176.23506
420.25,0.25,840.5,0.5,861696,512,59,4,n2450-1,420.0,176.23506
420.5,0.25,841.0,0.5,862208,512,62,4,n2451-1,420.0,176.23506
420.5,0.5,841.0,1.0,862208,1024,74,1,n2444-1,420.0,176.23506
420.75,0.25,841.5,0.5,862720,512,59,4,n2452-1,420.0,176.23506
421.0,0.25,842.0,0.5,863232,512,54,4,n2453-1,421.0,176.60632
421.0,0.25,842.0,0.5,863232,512,74,1,n2445-1,421.0,176.60632
421.25,0.25,842.5,0.5,863744,512,58,4,n2454-1,421.0,176.60632
421.25,0.25,842.5,0.5,863744,512,73,1,n2446-1,421.0,176.60632
421.5,0.25,843.0,0.5,864256,512,61,4,n2455-1,421.0,176.60632
421.5,0.25,843.0,0.5,864256,512,71,1,n2447-1,421.0,176.60632
421.75,0.25,843.5,0.5,864768,512,58,4,n2456-1,421.0,176.60632
421.75,0.25,843.5,0.5,864768,512,73,1,n2448-1,421.0,176.60632
422.0,0.25,844.0,0.5,865280,512,47,4,n2461-1,422.0,176.984
422.0,0.5,844.0,1.0,865280,1024,71,1,n2457-1,422.0,176.984
422.25,0.25,844.5,0.5,865792,512,50,4,n2462-1,422.0,176.984
422.5,0.25,845.0,0.5,866304,512,54,4,n2463-1,422.0,176.984
422.75,0.25,845.5,0.5,866816,512,59,4,n2464-1,422.0,176.984
423.0,0.5,846.0,1.0,867328,1024,47,4,n2465-1,423.0,177.39905
423.5,0.5,847.0,1.0,868352,1024,66,1,n2460-1,423.0,177.39905
424.0,2.5,848.0,5.0,869376,5120,54,5,n2479-1,424.0,177.85951
424.0,0.25,848.0,0.5,869376,512,73,1,n2467-1,424.0,177.85951
424.25,0.25,848.5,0.5,869888,512,66,1,n2468-1,424.0,177.85951
424.5,1.0,849.0,2.0,870400,2048,61,4,n2475-1,424.0,177.85951
424.5,1.0,849.0,2.0,870400,2048,64,4,n2476-1,424.0,177.85951
424.5,0.25,849.0,0.5,870400,512,70,1,n2469-1,424.0,177.85951
424.75,0.25,849.5,0.5,870912,512,73,1,n2470-1,424.0,177.85951
425.0,0.25,850.0,0.5,871424,512,74,1,n2471-1,425.0,178.23131
425.25,0.25,850.5,0.5,871936,512,66,1,n2472-1,425.0,178.23131
425.5,0.5,851.0,1.0,872448,1024,59,4,n2477-1,425.0,178.23131
425.5,0.5,851.0,1.0,872448,1024,62,4,n2478-1,425.0,178.23131
425.5,0.25,851.0,0.5,872448,512,71,1,n2473-1,425.0,178.23131
425.75,0.25,851.5,0.5,872960,512,74,1,n2474-1,425.0,178.23131
426.0,0.5,852.0,1.0,873472,1024,58,4,n2488-1,426.0,178.64264
426.0,0.5,852.0,1.0,873472,1024,61,4,n2489-1,426.0,178.64264
426.0,0.25,852.0,0.5,873472,512,76,1,n2480-1,426.0,178.64264
426.25,0.25,852.5,0.5,873984,512,66,1,n2481-1,426.0,178.64264
426.5,0.25,853.0,0.5,874496,512,70,1,n2482-1,426.0,178.64264
426.75,0.25,853.5,0.5,875008,512,73,1,n2483-1,426.0,178.64264
427.0,0.25,854.0,0.5,875520,512,78,1,n2484-1,427.0,178.9749
427.25,0.25,854.5,0.5,876032,512,76,1,n2485-1,427.0,178.9749
427.5,0.25,855.0,0.5,876544,512,74,1,n2486-1,427.0,178.9749
427.75,0.25,855.5,0.5,877056,512,73,1,n2487-1,427.0,178.9749
428.0,0.5,856.0,1.0,877568,1024,59,4,n2499-1,428.0,179.3467
428.0,0.5,856.0,1.0,877568,1024,62,4,n2500-1,428.0,179.3467
428.0,0.25,856.0,0.5,877568,512,74,1,n2491-1,428.0,179.3467
428.25,0.25,856.5,0.5,878080,512,71,1,n2492-1,428.0,179.3467
428.5,0.5,857.0,1.0,878592,1024,59,4,n2501-1,428.0,179.3467
428.5,0.5,857.0,1.0,878592,1024,62,4,n2502-1,428.0,179.3467
428.5,0.25,857.0,0.5,878592,512,70,1,n2493-1,428.0,179.3467
428.75,0.25,857.5,0.5,879104,512,71,1,n2494-1,428.0,179.3467
429.0,0.5,858.0,1.0,879616,1024,61,4,n2503-1,429.0,179.7516
429.0,0.5,858.0,1.0,879616,1024,64,4,n2504-1,429.0,179.7516
429.0,0.25,858.0,0.5,879616,512,76,1,n2495-1,429.0,179.7516
429.25,0.25,858.5,0.5,880128,512,71,1,n2496-1,429.0,179.7516
429.5,0.5,859.0,1.0,880640,1024,61,4,n2505-1,429.0,179.7516
429.5,0.5,859.0,1.0,880640,1024,64,4,n2506-1,429.0,179.7516
429.5,0.25,859.0,0.5,880640,512,70,1,n2497-1,429.0,179.7516
429.75,0.25,859.5,0.5,881152,512,71,1,n2498-1,429.0,179.7516
430.0,0.5,860.0,1.0,881664,1024,62,4,n2515-1,430.0,180.15012
430.0,0.5,860.0,1.0,881664,1024,66,4,n2516-1,430.0,180.15012
430.0,0.25,860.0,0.5,881664,512,78,1,n2507-1,430.0,180.15012
430.25,0.25,860.5,0.5,882176,512,74,1,n2508-1,430.0,180.15012
430.5,0.25,861.0,0.5,882688,512,73,1,n2509-1,430.0,180.15012
430.75,0.25,861.5,0.5,883200,512,74,1,n2510-1,430.0,180.15012
431.0,0.25,862.0,0.5,883712,512,76,1,n2511-1,431.0,180.50801
431.25,0.25,862.5,0.5,884224,512,74,1,n2512-1,431.0,180.50801
431.5,0.25,863.0,0.5,884736,512,73,1,n2513-1,431.0,180.50801
431.75,0.25,863.5,0.5,885248,512,74,1,n2514-1,431.0,180.50801
432.0,2.5,864.0,5.0,885760,5120,57,5,n2531-1,432.0,180.87874
432.0,0.25,864.0,0.5,885760,512,76,1,n2519-1,432.0,180.87874
432.25,0.25,864.5,0.5,886272,512,69,1,n2520-1,432.0,180.87874
432.5,1.0,865.0,2.0,886784,2048,64,4,n2527-1,432.0,180.87874
432.5,1.0,865.0,2.0,886784,2048,67,4,n2528-1,432.0,180.87874
432.5,0.25,865.0,0.5,886784,512,73,1,n2521-1,432.0,180.87874
432.75,0.25,865.5,0.5,887296,512,76,1,n2522-1,432.0,180.87874
433.0,0.25,866.0,0.5,887808,512,78,1,n2523-1,433.0,181.289
433.25,0.25,866.5,0.5,888320,512,69,1,n2524-1,433.0,181.289
433.5,0.5,867.0,1.0,888832,1024,62,4,n2529-1,433.0,181.289
433.5,0.5,867.0,1.0,888832,1024,66,4,n2530-1,433.0,181.289
433.5,0.25,867.0,0.5,888832,512,74,1,n2525-1,433.0,181.289
433.75,0.25,867.5,0.5,889344,512,78,1,n2526-1,433.0,181.289
434.0,0.5,868.0,1.0,889856,1024,61,4,n2540-1,434.0,181.68857
434.0,0.5,868.0,1.0,889856,1024,64,4,n2541-1,434.0,181.68857
434.0,0.25,868.0,0.5,889856,512,79,1,n2532-1,434.0,181.68857
434.25,0.25,868.5,0.5,890368,512,69,1,n2533-1,434.0,181.68857
434.5,0.25,869.0,0.5,890880,512,73,1,n2534-1,434.0,181.68857
434.75,0.25,869.5,0.5,891392,512,76,1,n2535-1,434.0,181.68857
435.0,0.25,870.0,0.5,891904,512,81,1,n2536-1,435.0,182.03899
435.25,0.25,870.5,0.5,892416,512,79,1,n2537-1,435.0,182.03899
435.5,0.25,871.0,0.5,892928,512,78,1,n2538-1,435.0,182.03899
435.75,0.25,871.5,0.5,893440,512,76,1,n2539-1,435.0,182.03899
436.0,0.5,872.0,1.0,893952,1024,62,4,n2551-1,436.0,182.42146
436.0,0.5,872.0,1.0,893952,1024,66,4,n2552-1,436.0,182.42146
436.0,0.25,872.0,0.5,893952,512,78,1,n2543-1,436.0,182.42146
436.25,0.25,872.5,0.5,894464,512,74,1,n2544-1,436.0,182.42146
436.5,0.5,873.0,1.0,894976,1024,62,4,n2553-1,436.0,182.42146
436.5,0.5,873.0,1.0,894976,1024,66,4,n2554-1,436.0,182.42146
436.5,0.25,873.0,0.5,894976,512,73,1,n2545-1,436.0,182.42146
436.75,0.25,873.5,0.5,895488,512,74,1,n2546-1,436.0,182.42146
437.0,0.5,874.0,1.0,896000,1024,64,4,n2555-1,437.0,182.80823
437.0,0.5,874.0,1.0,896000,1024,67,4,n2556-1,437.0,182.80823
437.0,0.25,874.0,0.5,896000,512,79,1,n2547-1,437.0,182.80823
437.25,0.25,874.5,0.5,896512,512,74,1,n2548-1,437.0,182.80823
437.5,0.5,875.0,1.0,897024,1024,64,4,n2557-1,437.0,182.80823
437.5,0.5,875.0,1.0,897024,1024,67,4,n2558-1,437.0,182.80823
437.5,0.25,875.0,0.5,897024,512,73,1,n2549-1,437.0,182.80823
437.75,0.25,875.5,0.5,897536,512,74,1,n2550-1,437.0,182.80823
438.0,0.5,876.0,1.0,898048,1024,66,4,n2567-1,438.0,183.2377
438.0,0.5,876.0,1.0,898048,1024,69,4,n2568-1,438.0,183.2377
438.0,0.25,876.0,0.5,898048,512,81,1,n2559-1,438.0,183.2377
438.25,0.25,876.5,0.5,898560,512,74,1,n2560-1,438.0,183.2377
438.5,0.25,877.0,0.5,899072,512,73,1,n2561-1,438.0,183.2377
438.75,0.25,877.5,0.5,899584,512,74,1,n2562-1,438.0,183.2377
439.0,0.25,878.0,0.5,900096,512,76,1,n2563-1,439.0,183.58173
439.25,0.25,878.5,0.5,900608,512,78,1,n2564-1,439.0,183.58173
439.5,0.25,879.0,0.5,901120,512,79,1,n2565-1,439.0,183.58173
439.75,0.25,879.5,0.5,901632,512,81,1,n2566-1,439.0,183.58173
440.0,1.5,880.0,3.0,902144,3072,83,1,n2571-1,440.0,183.94391
440.25,0.25,880.5,0.5,902656,512,67,4,n2574-1,440.0,183.94391
440.5,0.25,881.0,0.5,903168,512,66,4,n2575-1,440.0,183.94391
440.75,0.25,881.5,0.5,903680,512,67,4,n2576-1,440.0,183.94391
441.0,0.25,882.0,0.5,904192,512,69,4,n2577-1,441.0,184.29967
441.25,0.25,882.5,0.5,904704,512,71,4,n2578-1,441.0,184.29967
441.5,0.25,883.0,0.5,905216,512,73,4,n2579-1,441.0,184.29967
441.5,0.75,883.0,1.5,905216,1536,81,1,n2572-1,441.0,184.29967
441.75,0.25,883.5,0.5,905728,512,74,4,n2580-1,441.0,184.29967
442.0,1.5,884.0,3.0,906240,3072,76,4,n2589-1,442.0,184.70139
442.25,0.25,884.5,0.5,906752,512,79,1,n2582-1,442.0,184.70139
442.5,0.25,885.0,0.5,907264,512,78,1,n2583-1,442.0,184.70139
442.75,0.25,885.5,0.5,907776,512,79,1,n2584-1,442.0,184.70139
443.0,0.25,886.0,0.5,908288,512,81,1,n2585-1,443.0,185.04005
443.25,0.25,886.5,0.5,908800,512,83,1,n2586-1,443.0,185.04005
443.5,0.5,887.0,1.0,909312,1024,74,4,n2590-1,443.0,185.04005
443.5,0.25,887.0,0.5,909312,512,85,1,n2587-1,443.0,185.04005
443.75,0.25,887.5,0.5,909824,512,86,1,n2588-1,443.0,185.04005
444.0,0.25,888.0,0.5,910336,512,73,4,n2593-1,444.0,185.40117
444.0,2.0,888.0,4.0,910336,4096,79,1,n2591-1,444.0,185.40117
444.0,2.0,888.0,4.0,910336,4096,88,1,n2592-1,444.0,185.40117
444.25,0.25,888.5,0.5,910848,512,57,4,n2594-1,444.0,185.40117
444.5,0.25,889.0,0.5,911360,512,56,4,n2595-1,444.0,185.40117
444.75,0.25,889.5,0.5,911872,512,57,4,n2596-1,444.0,185.40117
445.0,0.25,890.0,0.5,912384,512,59,4,n2597-1,445.0,185.84561
445.25,0.25,890.5,0.5,912896,512,61,4,n2598-1,445.0,185.84561
445.5,0.25,891.0,0.5,913408,512,62,4,n2599-1,445.0,185.84561
445.75,0.25,891.5,0.5,913920,512,64,4,n2600-1,445.0,185.84561
446.0,0.25,892.0,0.5,914432,512,66,4,n2603-1,446.0,186.20992
446.0,2.0,892.0,4.0,914432,4096,78,1,n2601-1,446.0,186.20992
446.0,2.5,892.0,5.0,914432,5120,86,1,n2602-1,446.0,186.20992
446.25,0.25,892.5,0.5,914944,512,50,4,n2604-1,446.0,186.20992
446.5,0.25,893.0,0.5,915456,512,49,4,n2605-1,446.0,186.20992
446.75,0.25,893.5,0.5,915968,512,50,4,n2606-1,446.0,186.20992
447.0,0.25,894.0,0.5,916480,512,52,4,n2607-1,447.0,186.66826
447.25,0.25,894.5,0.5,916992,512,54,4,n2608-1,447.0,186.66826
447.5,0.25,895.0,0.5,917504,512,55,4,n2609-1,447.0,186.66826
447.75,0.25,895.5,0.5,918016,512,57,4,n2610-1,447.0,186.66826
448.0,2.0,896.0,4.0,918528,4096,47,4,n2619-1,448.0,187.07637
448.0,2.0,896.0,4.0,918528,4096,59,4,n2620-1,448.0,187.07637
448.0,0.5,896.0,1.0,918528,1024,80,1,n2611-1,448.0,187.07637
448.5,0.25,897.0,0.5,919552,512,85,1,n2613-1,448.0,187.07637
448.75,0.25,897.5,0.5,920064,512,83,1,n2614-1,448.0,187.07637
449.0,0.25,898.0,0.5,920576,512,81,1,n2615-1,449.0,187.49838
449.25,0.25,898.5,0.5,921088,512,80,1,n2616-1,449.0,187.49838
449.5,0.25,899.0,0.5,921600,512,78,1,n2617-1,449.0,187.49838
449.75,0.25,899.5,0.5,922112,512,76,1,n2618-1,449.0,187.49838
450.0,2.0,900.0,4.0,922624,4096,35,4,n2629-1,450.0,187.89154
450.0,2.0,900.0,4.0,922624,4096,47,4,n2630-1,450.0,187.89154
450.0,0.25,900.0,0.5,922624,512,74,1,n2621-1,450.0,187.89154
450.25,0.25,900.5,0.5,923136,512,73,1,n2622-1,450.0,187.89154
450.5,0.25,901.0,0.5,923648,512,71,1,n2623-1,450.0,187.89154
450.75,0.25,901.5,0.5,924160,512,69,1,n2624-1,450.0,187.89154
451.0,0.25,902.0,0.5,924672,512,68,1,n2625-1,451.0,188.29431
451.25,0.25,902.5,0.5,925184,512,66,1,n2626-1,451.0,188.29431
451.5,0.25,903.0,0.5,925696,512,64,1,n2627-1,451.0,188.29431
451.75,0.25,903.5,0.5,926208,512,62,1,n2628-1,451.0,188.29431
452.0,3.0,904.0,6.0,926720,6144,33,5,n2640-1,452.0,188.69336
452.0,0.25,904.0,0.5,926720,512,61,1,n2631-1,452.0,188.69336
452.25,0.25,904.5,0.5,927232,512,59,1,n2632-1,452.0,188.69336
452.5,0.25,905.0,0.5,927744,512,57,1,n2633-1,452.0,188.69336
452.75,0.25,905.5,0.5,928256,512,59,1,n2634-1,452.0,188.69336
453.0,2.0,906.0,4.0,928768,4096,45,4,n2639-1,453.0,189.09666
453.0,0.25,906.0,0.5,928768,512,61,1,n2635-1,453.0,189.09666
453.25,0.25,906.5,0.5,929280,512,62,1,n2636-1,453.0,189.09666
453.5,0.25,907.0,0.5,929792,512,64,1,n2637-1,453.0,189.09666
453.75,0.25,907.5,0.5,930304,512,66,1,n2638-1,453.0,189.09666
454.0,0.25,908.0,0.5,930816,512,67,1,n2641-1,454.0,189.46419
454.25,0.25,908.5,0.5,931328,512,66,1,n2642-1,454.0,189.46419
454.5,0.25,909.0,0.5,931840,512,64,1,n2643-1,454.0,189.46419
454.75,0.25,909.5,0.5,932352,512,66,1,n2644-1,454.0,189.46419
455.0,1.0,910.0,2.0,932864,2048,31,5,n2652-1,455.0,189.85841
455.0,1.0,910.0,2.0,932864,2048,43,4,n2650-1,455.0,189.85841
455.0,0.25,910.0,0.5,932864,512,67,1,n2645-1,455.0,189.85841
455.25,0.25,910.5,0.5,933376,512,69,1,n2646-1,455.0,189.85841
455.5,0.25,911.0,0.5,933888,512,71,1,n2647-1,455.0,189.85841
455.75,0.25,911.5,0.5,934400,512,73,1,n2648-1,455.0,189.85841
456.0,2.0,912.0,4.0,934912,4096,30,4,n2661-1,456.0,190.26225
456.0,2.0,912.0,4.0,934912,4096,42,4,n2662-1,456.0,190.26225
456.0,0.25,912.0,0.5,934912,512,74,1,n2653-1,456.0,190.26225
456.25,0.25,912.5,0.5,935424,512,75,1,n2654-1,456.0,190.26225
456.5,0.25,913.0,0.5,935936,512,76,1,n2655-1,456.0,190.26225
456.75,0.25,913.5,0.5,936448,512,77,1,n2656-1,456.0,190.26225
457.0,0.25,914.0,0.5,936960,512,78,1,n2657-1,457.0,190.61375
457.25,0.25,914.5,0.5,937472,512,79,1,n2658-1,457.0,190.61375
457.5,0.25,915.0,0.5,937984,512,80,1,n2659-1,457.0,190.61375
457.75,0.25,915.5,0.5,938496,512,81,1,n2660-1,457.0,190.61375
458.0,1.0,916.0,2.0,939008,2048,31,4,n2671-1,458.0,190.99196
458.0,1.0,916.0,2.0,939008,2048,43,4,n2672-1,458.0,190.99196
458.0,0.25,916.0,0.5,939008,512,82,1,n2663-1,458.0,190.99196
458.25,0.25,916.5,0.5,939520,512,83,1,n2664-1,458.0,190.99196
458.5,0.25,917.0,0.5,940032,512,84,1,n2665-1,458.0,190.99196
458.75,0.25,917.5,0.5,940544,512,85,1,n2666-1,458.0,190.99196
459.0,1.0,918.0,2.0,941056,2048,32,4,n2673-1,459.0,191.37764
459.0,1.0,918.0,2.0,941056,2048,44,4,n2674-1,459.0,191.37764
459.0,0.25,918.0,0.5,941056,512,86,1,n2667-1,459.0,191.37764
459.25,0.25,918.5,0.5,941568,512,85,1,n2668-1,459.0,191.37764
459.5,0.25,919.0,0.5,942080,512,86,1,n2669-1,459.0,191.37764
459.75,0.25,919.5,0.5,942592,512,85,1,n2670-1,459.0,191.37764
460.0,0.25,920.0,0.5,943104,512,33,4,n2683-1,460.0,191.7521
460.0,0.25,920.0,0.5,943104,512,86,1,n2675-1,460.0,191.7521
460.25,0.25,920.5,0.5,943616,512,45,4,n2684-1,460.0,191.7521
460.25,0.25,920.5,0.5,943616,512,81,1,n2676-1,460.0,191.7521
460.5,0.25,921.0,0.5,944128,512,50,4,n2685-1,460.0,191.7521
460.5,0.25,921.0,0.5,944128,512,78,1,n2677-1,460.0,191.7521
460.75,0.25,921.5,0.5,944640,512,45,4,n2686-1,460.0,191.7521
460.75,0.25,921.5,0.5,944640,512,74,1,n2678-1,460.0,191.7521
461.0,0.25,922.0,0.5,945152,512,50,4,n2687-1,461.0,192.13458
461.0,0.25,922.0,0.5,945152,512,69,1,n2679-1,461.0,192.13458
461.25,0.25,922.5,0.5,945664,512,45,4,n2688-1,461.0,192.13458
461.25,0.25,922.5,0.5,945664,512,66,1,n2680-1,461.0,192.13458
461.5,0.25,923.0,0.5,946176,512,50,4,n2689-1,461.0,192.13458
461.5,0.25,923.0,0.5,946176,512,62,1,n2681-1,461.0,192.13458
461.75,0.25,923.5,0.5,946688,512,45,4,n2690-1,461.0,192.13458
461.75,0.25,923.5,0.5,946688,512,74,1,n2682-1,461.0,192.13458
462.0,0.25,924.0,0.5,947200,512,50,4,n2697-1,462.0,192.53148
462.0,0.5,924.0,1.0,947200,1024,57,1,n2691-1,462.0,192.53148
462.25,0.25,924.5,0.5,947712,512,45,4,n2698-1,462.0,192.53148
462.5,0.25,925.0,0.5,948224,512,50,4,n2699-1,462.0,192.53148
462.75,0.25,925.5,0.5,948736,512,45,4,n2700-1,462.0,192.53148
463.0,0.25,926.0,0.5,949248,512,49,4,n2701-1,463.0,192.95563
463.0,0.25,926.0,0.5,949248,512,64,1,n2692-1,463.0,192.95563
463.2002,0.20019531,926.4004,0.40039062,949658,410,66,2,n2693-1,463.0,192.95563
463.25,0.25,926.5,0.5,949760,512,45,4,n2702-1,463.0,192.95563
463.4004,0.19970703,926.8008,0.39941406,950068,409,64,2,n2694-1,463.0,192.95563
463.5,0.25,927.0,0.5,950272,512,49,4,n2703-1,463.0,192.95563
463.6001,0.20019531,927.2002,0.40039062,950477,410,62,2,n2695-1,463.0,192.95563
463.75,0.25,927.5,0.5,950784,512,45,4,n2704-1,463.0,192.95563
463.8003,0.19970703,927.6006,0.39941406,950887,409,64,2,n2696-1,463.0,192.95563
464.0,0.5,928.0,1.0,951296,1024,50,4,n2711-1,464.0,193.28522
464.0,0.5,928.0,1.0,951296,1024,62,1,n2705-1,464.0,193.28522
464.5,0.5,929.0,1.0,952320,1024,38,4,n2712-1,464.0,193.28522
465.0,0.5,930.0,1.0,953344,1024,66,1,n2708-1,465.0,193.98233
465.0,0.0,930.0,0.0,953344,0,67,1,n2707-1,465.0,193.98233
465.5,0.5,931.0,1.0,954368,1024,50,4,n2714-1,465.0,193.98233
465.5,0.5,931.0,1.0,954368,1024,54,4,n2715-1,465.0,193.98233
465.5,0.25,931.0,0.5,954368,512,64,1,n2709-1,465.0,193.98233
465.75,0.25,931.5,0.5,954880,512,62,1,n2710-1,465.0,193.98233
466.0,0.5,932.0,1.0,955392,1024,52,4,n2722-1,466.0,194.35306
466.0,0.5,932.0,1.0,955392,1024,55,4,n2723-1,466.0,194.35306
466.0,0.5,932.0,1.0,955392,1024,61,1,n2716-1,466.0,194.35306
466.5,0.5,933.0,1.0,956416,1024,45,4,n2724-1,466.0,194.35306
466.5,0.5,933.0,1.0,956416,1024,57,1,n2717-1,466.0,194.35306
467.0,0.5,934.0,1.0,957440,1024,66,1,n2719-1,467.0,194.7975
467.0,0.0,934.0,0.0,957440,0,67,1,n2718-1,467.0,194.7975
467.5,0.5,935.0,1.0,958464,1024,50,4,n2726-1,467.0,194.7975
467.5,0.5,935.0,1.0,958464,1024,54,4,n2727-1,467.0,194.7975
467.5,0.25,935.0,0.5,958464,512,64,1,n2720-1,467.0,194.7975
467.75,0.25,935.5,0.5,958976,512,62,1,n2721-1,467.0,194.7975
468.0,0.5,936.0,1.0,959488,1024,49,4,n2734-1,468.0,195.1725
468.0,0.5,936.0,1.0,959488,1024,52,4,n2735-1,468.0,195.1725
468.0,0.5,936.0,1.0,959488,1024,68,1,n2728-1,468.0,195.1725
468.5,0.5,937.0,1.0,960512,1024,45,4,n2736-1,468.0,195.1725
468.5,0.5,937.0,1.0,960512,1024,69,1,n2729-1,468.0,195.1725
469.0,0.5,938.0,1.0,961536,1024,66,1,n2731-1,469.0,195.6084
469.0,0.0,938.0,0.0,961536,0,67,1,n2730-1,469.0,195.6084
469.5,0.5,939.0,1.0,962560,1024,50,4,n2738-1,469.0,195.6084
469.5,0.5,939.0,1.0,962560,1024,54,4,n2739-1,469.0,195.6084
469.5,0.25,939.0,0.5,962560,512,64,1,n2732-1,469.0,195.6084
469.75,0.25,939.5,0.5,963072,512,62,1,n2733-1,469.0,195.6084
470.0,0.5,940.0,1.0,963584,1024,52,4,n2744-1,470.0,195.99728
470.0,0.5,940.0,1.0,963584,1024,55,4,n2745-1,470.0,195.99728
470.0,0.5,940.0,1.0,963584,1024,61,1,n2740-1,470.0,195.99728
470.5,0.5,941.0,1.0,964608,1024,45,4,n2746-1,470.0,195.99728
470.5,0.5,941.0,1.0,964608,1024,57,1,n2741-1,470.0,195.99728
471.0,0.5,942.0,1.0,965632,1024,78,1,n2742-1,471.0,196.53255
471.5,0.5,943.0,1.0,966656,1024,54,4,n2748-1,471.0,196.53255
471.5,0.5,943.0,1.0,966656,1024,66,1,n2743-1,471.0,196.53255
472.0,0.5,944.0,1.0,967680,1024,74,1,n2749-1,472.0,196.97592
472.5,0.5,945.0,1.0,968704,1024,50,4,n2754-1,472.0,196.97592
472.5,0.5,945.0,1.0,968704,1024,62,1,n2750-1,472.0,196.97592
473.0,0.5,946.0,1.0,969728,1024,71,1,n2751-1,473.0,197.3787
473.5,0.5,947.0,1.0,970752,1024,47,4,n2756-1,473.0,197.3787
473.5,0.5,947.0,1.0,970752,1024,59,1,n2752-1,473.0,197.3787
474.0,0.5,948.0,1.0,971776,1024,67,1,n2757-1,474.0,197.80711
474.5,0.5,949.0,1.0,972800,1024,43,4,n2762-1,474.0,197.80711
474.5,0.5,949.0,1.0,972800,1024,55,1,n2758-1,474.0,197.80711
475.0,0.5,950.0,1.0,973824,1024,68,1,n2759-1,475.0,198.22377
475.5,0.5,951.0,1.0,974848,1024,44,4,n2764-1,475.0,198.22377
475.5,0.5,951.0,1.0,974848,1024,56,1,n2760-1,475.0,198.22377
476.0,0.5,952.0,1.0,975872,1024,69,1,n2765-1,476.0,198.63937
476.5,0.5,953.0,1.0,976896,1024,45,4,n2770-1,476.0,198.63937
476.5,0.5,953.0,1.0,976896,1024,57,1,n2766-1,476.0,198.63937
477.0,0.5,954.0,1.0,977920,1024,61,1,n2767-1,477.0,199.06245
477.5,0.5,955.0,1.0,978944,1024,33,4,n2772-1,477.0,199.06245
477.5,0.5,955.0,1.0,978944,1024,49,1,n2768-1,477.0,199.06245
478.0,0.5,956.0,1.0,979968,1024,50,4,n2779-1,478.0,199.49727
478.0,0.5,956.0,1.0,979968,1024,62,1,n2773-1,478.0,199.49727
478.5,0.5,957.0,1.0,980992,1024,38,5,n2780-1,478.0,199.49727
479.0,0.5,958.0,1.0,982016,1024,77,1,n2776-1,479.0,199.9492
479.0,0.0,958.0,0.0,982016,0,79,1,n2775-1,479.0,199.9492
479.5,0.5,959.0,1.0,983040,1024,62,5,n2781-1,479.0,199.9492
479.5,0.5,959.0,1.0,983040,1024,65,5,n2782-1,479.0,199.9492
479.5,0.25,959.0,0.5,983040,512,76,1,n2777-1,479.0,199.9492
479.75,0.25,959.5,0.5,983552,512,74,1,n2778-1,479.0,199.9492
480.0,0.5,960.0,1.0,984064,1024,64,4,n2789-1,480.0,200.31938
480.0,0.5,960.0,1.0,984064,1024,67,4,n2790-1,480.0,200.31938
480.0,0.5,960.0,1.0,984064,1024,73,1,n2783-1,480.0,200.31938
480.5,0.5,961.0,1.0,985088,1024,57,4,n2791-1,480.0,200.31938
480.5,0.5,961.0,1.0,985088,1024,69,1,n2784-1,480.0,200.31938
481.0,0.5,962.0,1.0,986112,1024,77,1,n2786-1,481.0,200.73445
481.0,0.0,962.0,0.0,986112,0,79,1,n2785-1,481.0,200.73445
481.5,0.5,963.0,1.0,987136,1024,62,4,n2793-1,481.0,200.73445
481.5,0.5,963.0,1.0,987136,1024,65,4,n2794-1,481.0,200.73445
481.5,0.25,963.0,0.5,987136,512,76,1,n2787-1,481.0,200.73445
481.75,0.25,963.5,0.5,987648,512,74,1,n2788-1,481.0,200.73445
482.0,0.5,964.0,1.0,988160,1024,61,4,n2801-1,482.0,201.10999
482.0,0.5,964.0,1.0,988160,1024,64,4,n2802-1,482.0,201.10999
482.0,0.5,964.0,1.0,988160,1024,80,1,n2795-1,482.0,201.10999
482.5,0.5,965.0,1.0,989184,1024,57,4,n2803-1,482.0,201.10999
482.5,0.5,965.0,1.0,989184,1024,81,1,n2796-1,482.0,201.10999
483.0,0.5,966.0,1.0,990208,1024,77,1,n2798-1,483.0,201.54855
483.0,0.0,966.0,0.0,990208,0,79,1,n2797-1,483.0,201.54855
483.5,0.5,967.0,1.0,991232,1024,62,4,n2805-1,483.0,201.54855
483.5,0.5,967.0,1.0,991232,1024,65,4,n2806-1,483.0,201.54855
483.5,0.25,967.0,0.5,991232,512,76,1,n2799-1,483.0,201.54855
483.75,0.25,967.5,0.5,991744,512,74,1,n2800-1,483.0,201.54855
484.0,0.5,968.0,1.0,992256,1024,64,4,n2811-1,484.0,201.95773
484.0,0.5,968.0,1.0,992256,1024,67,4,n2812-1,484.0,201.95773
484.0,0.5,968.0,1.0,992256,1024,73,1,n2807-1,484.0,201.95773
484.5,0.5,969.0,1.0,993280,1024,57,4,n2813-1,484.0,201.95773
484.5,0.5,969.0,1.0,993280,1024,69,1,n2808-1,484.0,201.95773
485.0,0.5,970.0,1.0,994304,1024,89,1,n2809-1,485.0,202.46628
485.5,0.5,971.0,1.0,995328,1024,65,4,n2815-1,485.0,202.46628
485.5,0.5,971.0,1.0,995328,1024,77,1,n2810-1,485.0,202.46628
486.0,0.5,972.0,1.0,996352,1024,86,1,n2816-1,486.0,202.89684
486.5,0.5,973.0,1.0,997376,1024,62,4,n2821-1,486.0,202.89684
486.5,0.5,973.0,1.0,997376,1024,74,1,n2817-1,486.0,202.89684
487.0,0.5,974.0,1.0,998400,1024,82,1,n2818-1,487.0,203.28786
487.5,0.5,975.0,1.0,999424,1024,58,4,n2823-1,487.0,203.28786
487.5,0.5,975.0,1.0,999424,1024,70,1,n2819-1,487.0,203.28786
488.0,0.5,976.0,1.0,1000448,1024,79,1,n2824-1,488.0,203.71735
488.5,0.5,977.0,1.0,1001472,1024,55,4,n2829-1,488.0,203.71735
488.5,0.5,977.0,1.0,1001472,1024,67,1,n2825-1,488.0,203.71735
489.0,0.5,978.0,1.0,1002496,1024,76,1,n2826-1,489.0,204.12975
489.5,0.5,979.0,1.0,1003520,1024,52,4,n2831-1,489.0,204.12975
489.5,0.5,979.0,1.0,1003520,1024,64,1,n2827-1,489.0,204.12975
490.0,0.5,980.0,1.0,1004544,1024,73,1,n2832-1,490.0,204.56564
490.5,0.5,981.0,1.0,1005568,1024,49,4,n2836-1,490.0,204.56564
490.5,0.5,981.0,1.0,1005568,1024,61,1,n2833-1,490.0,204.56564
493.5,0.5,987.0,1.0,1011712,1024,74,4,n2842-1,493.0,206.41379
493.5,0.5,987.0,1.0,1011712,1024,78,2,n2839-1,493.0,206.41379
493.5,1.0,987.0,2.0,1011712,2048,81,1,n2838-1,493.0,206.41379
494.0,0.5,988.0,1.0,1012736,1024,73,4,n2848-1,494.0,207.02983
494.0,1.5,988.0,3.0,1012736,3072,79,2,n2846-1,494.0,207.02983
494.5,0.5,989.0,1.0,1013760,1024,71,4,n2849-1,494.0,207.02983
494.5,1.0,989.0,2.0,1013760,2048,88,1,n2844-1,494.0,207.02983
495.0,0.5,990.0,1.0,1014784,1024,69,4,n2850-1,495.0,207.43315
495.5,0.5,991.0,1.0,1015808,1024,74,4,n2851-1,495.0,207.43315
495.5,0.5,991.0,1.0,1015808,1024,78,2,n2847-1,495.0,207.43315
495.5,0.5,991.0,1.0,1015808,1024,86,1,n2845-1,495.0,207.43315
496.0,0.5,992.0,1.0,1016832,1024,73,4,n2857-1,496.0,207.84767
496.0,1.5,992.0,3.0,1016832,3072,79,2,n2855-1,496.0,207.84767
496.0,0.5,992.0,1.0,1016832,1024,81,1,n2852-1,496.0,207.84767
496.5,0.5,993.0,1.0,1017856,1024,71,4,n2858-1,496.0,207.84767
496.5,1.0,993.0,2.0,1017856,2048,88,1,n2853-1,496.0,207.84767
497.0,0.5,994.0,1.0,1018880,1024,69,4,n2859-1,497.0,208.2558
497.5,0.5,995.0,1.0,1019904,1024,74,4,n2860-1,497.0,208.2558
497.5,0.5,995.0,1.0,1019904,1024,78,2,n2856-1,497.0,208.2558
497.5,0.5,995.0,1.0,1019904,1024,86,1,n2854-1,497.0,208.2558
498.0,0.5,996.0,1.0,1020928,1024,67,4,n2867-1,498.0,208.67245
498.0,1.0,996.0,2.0,1020928,2048,74,2,n2863-1,498.0,208.67245
498.0,1.0,996.0,2.0,1020928,2048,76,2,n2864-1,498.0,208.67245
498.5,0.5,997.0,1.0,1021952,1024,68,4,n2868-1,498.0,208.67245
498.5,0.5,997.0,1.0,1021952,1024,83,1,n2861-1,498.0,208.67245
499.0,0.5,998.0,1.0,1022976,1024,69,4,n2869-1,499.0,209.08272
499.0,1.0,998.0,2.0,1022976,2048,73,2,n2865-1,499.0,209.08272
499.0,1.0,998.0,2.0,1022976,2048,76,2,n2866-1,499.0,209.08272
499.5,0.5,999.0,1.0,1024000,1024,57,4,n2870-1,499.0,209.08272
499.5,0.5,999.0,1.0,1024000,1024,81,1,n2862-1,499.0,209.08272
500.0,0.5,1000.0,1.0,1025024,1024,62,4,n2880-1,500.0,209.48656
500.0,0.5,1000.0,1.0,1025024,1024,74,2,n2877-1,500.0,209.48656
500.0,0.25,1000.0,0.5,1025024,512,78,1,n2871-1,500.0,209.48656
500.25,0.25,1000.5,0.5,1025536,512,79,1,n2872-1,500.0,209.48656
500.5,0.5,1001.0,1.0,1026048,1024,57,4,n2881-1,500.0,209.48656
500.5,0.25,1001.0,0.5,1026048,512,78,1,n2873-1,500.0,209.48656
500.75,0.25,1001.5,0.5,1026560,512,76,1,n2874-1,500.0,209.48656
501.0,0.5,1002.0,1.0,1027072,1024,54,4,n2882-1,501.0,209.87384
501.0,0.5,1002.0,1.0,1027072,1024,74,1,n2875-1,501.0,209.87384
501.5,0.5,1003.0,1.0,1028096,1024,50,4,n2883-1,501.0,209.87384
501.5,0.5,1003.0,1.0,1028096,1024,62,2,n2878-1,501.0,209.87384
501.5,0.5,1003.0,1.0,1028096,1024,66,2,n2879-1,501.0,209.87384
501.5,2.0,1003.0,4.0,1028096,4096,69,1,n2876-1,501.0,209.87384
502.0,0.5,1004.0,1.0,1029120,1024,49,4,n2890-1,502.0,210.41711
502.0,1.5,1004.0,3.0,1029120,3072,64,2,n2886-1,502.0,210.41711
502.0,1.5,1004.0,3.0,1029120,3072,67,2,n2887-1,502.0,210.41711
502.5,0.5,1005.0,1.0,1030144,1024,47,4,n2891-1,502.0,210.41711
503.0,0.5,1006.0,1.0,1031168,1024,45,4,n2892-1,503.0,210.82202
503.5,0.5,1007.0,1.0,1032192,1024,50,4,n2893-1,503.0,210.82202
503.5,0.5,1007.0,1.0,1032192,1024,62,2,n2888-1,503.0,210.82202
503.5,0.5,1007.0,1.0,1032192,1024,66,2,n2889-1,503.0,210.82202
503.5,2.0,1007.0,4.0,1032192,4096,69,1,n2885-1,503.0,210.82202
504.0,0.5,1008.0,1.0,1033216,1024,49,4,n2899-1,504.0,211.25258
504.0,1.5,1008.0,3.0,1033216,3072,64,2,n2896-1,504.0,211.25258
504.0,1.5,1008.0,3.0,1033216,3072,67,2,n2897-1,504.0,211.25258
504.5,0.5,1009.0,1.0,1034240,1024,47,4,n2900-1,504.0,211.25258
505.0,0.5,1010.0,1.0,1035264,1024,45,4,n2901-1,505.0,211.64787
505.5,0.5,1011.0,1.0,1036288,1024,48,4,n2902-1,505.0,211.64787
505.5,2.0,1011.0,4.0,1036288,4096,62,2,n2898-1,505.0,211.64787
505.5,0.5,1011.0,1.0,1036288,1024,66,1,n2895-1,505.0,211.64787
506.0,0.5,1012.0,1.0,1037312,1024,47,4,n2907-1,506.0,212.08965
506.0,1.5,1012.0,3.0,1037312,3072,67,1,n2903-1,506.0,212.08965
506.5,0.5,1013.0,1.0,1038336,1024,45,4,n2908-1,506.0,212.08965
507.0,0.5,1014.0,1.0,1039360,1024,43,4,n2909-1,507.0,212.49297
507.5,0.5,1015.0,1.0,1040384,1024,48,4,n2910-1,507.0,212.49297
507.5,2.0,1015.0,4.0,1040384,4096,62,2,n2906-1,507.0,212.49297
507.5,0.5,1015.0,1.0,1040384,1024,66,1,n2904-1,507.0,212.49297
508.0,0.5,1016.0,1.0,1041408,1024,47,4,n2915-1,508.0,212.9529
508.0,1.5,1016.0,3.0,1041408,3072,67,1,n2911-1,508.0,212.9529
508.5,0.5,1017.0,1.0,1042432,1024,45,4,n2916-1,508.0,212.9529
509.0,0.5,1018.0,1.0,1043456,1024,43,4,n2917-1,509.0,213.3594
509.5,0.5,1019.0,1.0,1044480,1024,46,4,n2918-1,509.0,213.3594
509.5,2.0,1019.0,4.0,1044480,4096,60,2,n2914-1,509.0,213.3594
509.5,0.5,1019.0,1.0,1044480,1024,64,1,n2912-1,509.0,213.3594
510.0,0.5,1020.0,1.0,1045504,1024,45,4,n2925-1,510.0,213.79851
510.0,0.5,1020.0,1.0,1045504,1024,65,1,n2919-1,510.0,213.79851
510.5,0.5,1021.0,1.0,1046528,1024,43,4,n2926-1,510.0,213.79851
510.5,0.5,1021.0,1.0,1046528,1024,67,1,n2920-1,510.0,213.79851
511.0,0.5,1022.0,1.0,1047552,1024,41,4,n2927-1,511.0,214.20396
511.0,0.5,1022.0,1.0,1047552,1024,69,1,n2921-1,511.0,214.20396
511.5,0.5,1023.0,1.0,1048576,1024,59,5,n2929-1,511.0,214.20396
511.5,2.0,1023.0,4.0,1048576,4096,60,4,n2928-1,511.0,214.20396
511.5,0.5,1023.0,1.0,1048576,1024,64,2,n2924-1,511.0,214.20396
511.5,2.0,1023.0,4.0,1048576,4096,72,1,n2922-1,511.0,214.20396
512.0,0.5,1024.0,1.0,1049600,1024,57,5,n2938-1,512.0,214.64253
512.0,0.5,1024.0,1.0,1049600,1024,65,2,n2932-1,512.0,214.64253
512.5,0.5,1025.0,1.0,1050624,1024,55,5,n2939-1,512.0,214.64253
512.5,0.5,1025.0,1.0,1050624,1024,67,2,n2933-1,512.0,214.64253
513.0,0.5,1026.0,1.0,1051648,1024,53,5,n2940-1,513.0,215.06133
513.0,0.5,1026.0,1.0,1051648,1024,69,2,n2934-1,513.0,215.06133
513.5,0.5,1027.0,1.0,1052672,1024,64,4,n2937-1,513.0,215.06133
513.5,2.0,1027.0,4.0,1052672,4096,72,2,n2935-1,513.0,215.06133
513.5,0.5,1027.0,1.0,1052672,1024,82,1,n2931-1,513.0,215.06133
514.0,0.5,1028.0,1.0,1053696,1024,65,4,n2947-1,514.0,215.49669
514.0,0.5,1028.0,1.0,1053696,1024,81,1,n2941-1,514.0,215.49669
514.5,0.5,1029.0,1.0,1054720,1024,67,4,n2948-1,514.0,215.49669
514.5,0.5,1029.0,1.0,1054720,1024,79,1,n2942-1,514.0,215.49669
515.0,0.5,1030.0,1.0,1055744,1024,69,4,n2949-1,515.0,215.8952
515.0,0.5,1030.0,1.0,1055744,1024,77,1,n2943-1,515.0,215.8952
515.5,0.5,1031.0,1.0,1056768,1024,70,5,n2951-1,515.0,215.8952
515.5,2.0,1031.0,4.0,1056768,4096,72,4,n2950-1,515.0,215.8952
515.5,0.5,1031.0,1.0,1056768,1024,76,2,n2946-1,515.0,215.8952
515.5,2.0,1031.0,4.0,1056768,4096,84,1,n2944-1,515.0,215.8952
516.0,0.5,1032.0,1.0,1057792,1024,69,5,n2960-1,516.0,216.3359
516.0,0.5,1032.0,1.0,1057792,1024,77,2,n2954-1,516.0,216.3359
516.5,0.5,1033.0,1.0,1058816,1024,67,5,n2961-1,516.0,216.3359
516.5,0.5,1033.0,1.0,1058816,1024,79,2,n2955-1,516.0,216.3359
517.0,0.5,1034.0,1.0,1059840,1024,65,5,n2962-1,517.0,216.75737
517.0,0.5,1034.0,1.0,1059840,1024,81,2,n2956-1,517.0,216.75737
517.5,0.5,1035.0,1.0,1060864,1024,48,5,n2963-1,517.0,216.75737
517.5,2.0,1035.0,4.0,1060864,4096,50,4,n2959-1,517.0,216.75737
517.5,2.0,1035.0,4.0,1060864,4096,62,2,n2957-1,517.0,216.75737
517.5,0.5,1035.0,1.0,1060864,1024,66,1,n2953-1,517.0,216.75737
518.0,0.5,1036.0,1.0,1061888,1024,46,5,n2972-1,518.0,217.19754
518.0,0.5,1036.0,1.0,1061888,1024,67,1,n2964-1,518.0,217.19754
518.5,0.5,1037.0,1.0,1062912,1024,45,5,n2973-1,518.0,217.19754
518.5,0.5,1037.0,1.0,1062912,1024,69,1,n2965-1,518.0,217.19754
519.0,0.5,1038.0,1.0,1063936,1024,43,5,n2974-1,519.0,217.58269
519.0,0.5,1038.0,1.0,1063936,1024,70,1,n2966-1,519.0,217.58269
519.5,0.5,1039.0,1.0,1064960,1024,60,5,n2975-1,519.0,217.58269
519.5,2.0,1039.0,4.0,1064960,4096,62,4,n2971-1,519.0,217.58269
519.5,0.5,1039.0,1.0,1064960,1024,66,2,n2969-1,519.0,217.58269
519.5,2.0,1039.0,4.0,1064960,4096,74,1,n2967-1,519.0,217.58269
520.0,0.5,1040.0,1.0,1065984,1024,58,5,n2984-1,520.0,218.03568
520.0,0.5,1040.0,1.0,1065984,1024,67,2,n2978-1,520.0,218.03568
520.5,0.5,1041.0,1.0,1067008,1024,57,5,n2985-1,520.0,218.03568
520.5,0.5,1041.0,1.0,1067008,1024,69,2,n2979-1,520.0,218.03568
521.0,0.5,1042.0,1.0,1068032,1024,55,5,n2986-1,521.0,218.43098
521.0,0.5,1042.0,1.0,1068032,1024,70,2,n2980-1,521.0,218.43098
521.5,0.5,1043.0,1.0,1069056,1024,66,4,n2983-1,521.0,218.43098
521.5,2.0,1043.0,4.0,1069056,4096,74,2,n2981-1,521.0,218.43098
521.5,0.5,1043.0,1.0,1069056,1024,84,1,n2977-1,521.0,218.43098
522.0,0.5,1044.0,1.0,1070080,1024,67,4,n2993-1,522.0,218.86955
522.0,0.5,1044.0,1.0,1070080,1024,82,1,n2987-1,522.0,218.86955
522.5,0.5,1045.0,1.0,1071104,1024,69,4,n2994-1,522.0,218.86955
522.5,0.5,1045.0,1.0,1071104,1024,81,1,n2988-1,522.0,218.86955
523.0,0.5,1046.0,1.0,1072128,1024,70,4,n2995-1,523.0,219.25523
523.0,0.5,1046.0,1.0,1072128,1024,79,1,n2989-1,523.0,219.25523
523.5,0.5,1047.0,1.0,1073152,1024,72,5,n2997-1,523.0,219.25523
523.5,2.0,1047.0,4.0,1073152,4096,74,4,n2996-1,523.0,219.25523
523.5,0.5,1047.0,1.0,1073152,1024,78,2,n2992-1,523.0,219.25523
523.5,2.0,1047.0,4.0,1073152,4096,86,1,n2990-1,523.0,219.25523
524.0,0.5,1048.0,1.0,1074176,1024,70,5,n3006-1,524.0,219.69968
524.0,0.5,1048.0,1.0,1074176,1024,79,2,n3000-1,524.0,219.69968
524.5,0.5,1049.0,1.0,1075200,1024,69,5,n3007-1,524.0,219.69968
524.5,0.5,1049.0,1.0,1075200,1024,81,2,n3001-1,524.0,219.69968
525.0,0.5,1050.0,1.0,1076224,1024,67,5,n3008-1,525.0,220.09657
525.0,0.5,1050.0,1.0,1076224,1024,82,2,n3002-1,525.0,220.09657
525.5,0.5,1051.0,1.0,1077248,1024,44,5,n3009-1,525.0,220.09657
525.5,2.0,1051.0,4.0,1077248,4096,46,4,n3005-1,525.0,220.09657
525.5,2.0,1051.0,4.0,1077248,4096,58,2,n3003-1,525.0,220.09657
525.5,0.5,1051.0,1.0,1077248,1024,62,1,n2999-1,525.0,220.09657
526.0,0.5,1052.0,1.0,1078272,1024,43,5,n3018-1,526.0,220.56238
526.0,0.5,1052.0,1.0,1078272,1024,63,1,n3010-1,526.0,220.56238
526.5,0.5,1053.0,1.0,1079296,1024,41,5,n3019-1,526.0,220.56238
526.5,0.5,1053.0,1.0,1079296,1024,65,1,n3011-1,526.0,220.56238
527.0,0.5,1054.0,1.0,1080320,1024,39,5,n3020-1,527.0,220.94753
527.0,0.5,1054.0,1.0,1080320,1024,67,1,n3012-1,527.0,220.94753
527.5,0.5,1055.0,1.0,1081344,1024,56,5,n3021-1,527.0,220.94753
527.5,2.0,1055.0,4.0,1081344,4096,58,4,n3017-1,527.0,220.94753
527.5,2.0,1055.0,4.0,1081344,4096,70,2,n3015-1,527.0,220.94753
527.5,0.5,1055.0,1.0,1081344,1024,74,1,n3013-1,527.0,220.94753
528.0,0.5,1056.0,1.0,1082368,1024,55,5,n3030-1,528.0,221.37114
528.0,0.5,1056.0,1.0,1082368,1024,75,1,n3022-1,528.0,221.37114
528.5,0.5,1057.0,1.0,1083392,1024,53,5,n3031-1,528.0,221.37114
528.5,0.5,1057.0,1.0,1083392,1024,77,1,n3023-1,528.0,221.37114
529.0,0.5,1058.0,1.0,1084416,1024,51,5,n3032-1,529.0,221.77446
529.0,0.5,1058.0,1.0,1084416,1024,79,1,n3024-1,529.0,221.77446
529.5,0.5,1059.0,1.0,1085440,1024,68,4,n3029-1,529.0,221.77446
529.5,1.5,1059.0,3.0,1085440,3072,70,2,n3027-1,529.0,221.77446
529.5,0.5,1059.0,1.0,1085440,1024,74,1,n3025-1,529.0,221.77446
530.0,0.5,1060.0,1.0,1086464,1024,67,4,n3039-1,530.0,222.19539
530.0,0.5,1060.0,1.0,1086464,1024,75,1,n3033-1,530.0,222.19539
530.5,0.5,1061.0,1.0,1087488,1024,65,4,n3040-1,530.0,222.19539
530.5,0.5,1061.0,1.0,1087488,1024,77,1,n3034-1,530.0,222.19539
531.0,0.5,1062.0,1.0,1088512,1024,63,4,n3041-1,531.0,222.60085
531.0,0.5,1062.0,1.0,1088512,1024,75,2,n3037-1,531.0,222.60085
531.0,2.0,1062.0,4.0,1088512,4096,79,1,n3035-1,531.0,222.60085
531.5,0.5,1063.0,1.0,1089536,1024,62,4,n3042-1,531.0,222.60085
531.5,0.5,1063.0,1.0,1089536,1024,74,2,n3038-1,531.0,222.60085
532.0,0.5,1064.0,1.0,1090560,1024,61,4,n3050-1,532.0,223.00896
532.0,0.5,1064.0,1.0,1090560,1024,73,2,n3046-1,532.0,223.00896
532.5,0.5,1065.0,1.0,1091584,1024,59,4,n3051-1,532.0,223.00896
532.5,0.5,1065.0,1.0,1091584,1024,71,2,n3047-1,532.0,223.00896
533.0,0.5,1066.0,1.0,1092608,1024,57,4,n3052-1,533.0,223.40425
533.0,0.5,1066.0,1.0,1092608,1024,69,2,n3048-1,533.0,223.40425
533.0,1.0,1066.0,2.0,1092608,2048,73,1,n3044-1,533.0,223.40425
533.0,1.0,1066.0,2.0,1092608,2048,76,1,n3045-1,533.0,223.40425
533.5,0.5,1067.0,1.0,1093632,1024,55,4,n3053-1,533.0,223.40425
533.5,0.5,1067.0,1.0,1093632,1024,67,2,n3049-1,533.0,223.40425
534.0,0.5,1068.0,1.0,1094656,1024,54,4,n3058-1,534.0,223.80383
534.0,0.5,1068.0,1.0,1094656,1024,66,4,n3059-1,534.0,223.80383
534.0,2.0,1068.0,4.0,1094656,4096,69,1,n3054-1,534.0,223.80383
534.0,2.0,1068.0,4.0,1094656,4096,74,1,n3055-1,534.0,223.80383
534.0,2.0,1068.0,4.0,1094656,4096,78,1,n3056-1,534.0,223.80383
534.0,2.0,1068.0,4.0,1094656,4096,81,1,n3057-1,534.0,223.80383
534.5,0.5,1069.0,1.0,1095680,1024,52,4,n3060-1,534.0,223.80383
534.5,0.5,1069.0,1.0,1095680,1024,64,4,n3061-1,534.0,223.80383
535.0,0.5,1070.0,1.0,1096704,1024,50,4,n3062-1,535.0,224.21088
535.0,0.5,1070.0,1.0,1096704,1024,62,4,n3063-1,535.0,224.21088
535.5,0.5,1071.0,1.0,1097728,1024,49,4,n3064-1,535.0,224.21088
535.5,0.5,1071.0,1.0,1097728,1024,61,4,n3065-1,535.0,224.21088
536.0,0.5,1072.0,1.0,1098752,1024,47,4,n3070-1,536.0,224.60884
536.0,0.5,1072.0,1.0,1098752,1024,59,4,n3071-1,536.0,224.60884
536.0,2.0,1072.0,4.0,1098752,4096,62,1,n3066-1,536.0,224.60884
536.0,2.0,1072.0,4.0,1098752,4096,66,1,n3067-1,536.0,224.60884
536.0,2.0,1072.0,4.0,1098752,4096,71,1,n3068-1,536.0,224.60884
536.0,2.0,1072.0,4.0,1098752,4096,74,1,n3069-1,536.0,224.60884
536.5,0.5,1073.0,1.0,1099776,1024,45,4,n3072-1,536.0,224.60884
536.5,0.5,1073.0,1.0,1099776,1024,57,4,n3073-1,536.0,224.60884
537.0,0.5,1074.0,1.0,1100800,1024,43,4,n3074-1,537.0,225.0159
537.0,0.5,1074.0,1.0,1100800,1024,55,4,n3075-1,537.0,225.0159
537.5,0.5,1075.0,1.0,1101824,1024,42,4,n3076-1,537.0,225.0159
537.5,0.5,1075.0,1.0,1101824,1024,54,4,n3077-1,537.0,225.0159
538.0,0.5,1076.0,1.0,1102848,1024,40,4,n3082-1,538.0,225.39677
538.0,0.5,1076.0,1.0,1102848,1024,52,4,n3083-1,538.0,225.39677
538.0,2.0,1076.0,4.0,1102848,4096,67,1,n3078-1,538.0,225.39677
538.0,2.0,1076.0,4.0,1102848,4096,71,1,n3079-1,538.0,225.39677
538.0,2.0,1076.0,4.0,1102848,4096,76,1,n3080-1,538.0,225.39677
538.0,2.0,1076.0,4.0,1102848,4096,79,1,n3081-1,538.0,225.39677
538.5,0.5,1077.0,1.0,1103872,1024,38,4,n3084-1,538.0,225.39677
538.5,0.5,1077.0,1.0,1103872,1024,50,4,n3085-1,538.0,225.39677
539.0,0.5,1078.0,1.0,1104896,1024,37,4,n3086-1,539.0,225.79474
539.0,0.5,1078.0,1.0,1104896,1024,49,4,n3087-1,539.0,225.79474
539.5,0.5,1079.0,1.0,1105920,1024,35,4,n3088-1,539.0,225.79474
539.5,0.5,1079.0,1.0,1105920,1024,47,4,n3089-1,539.0,225.79474
540.0,0.5,1080.0,1.0,1106944,1024,33,4,n3094-1,540.0,226.17561
540.0,0.5,1080.0,1.0,1106944,1024,45,4,n3095-1,540.0,226.17561
540.0,2.0,1080.0,4.0,1106944,4096,52,1,n3090-1,540.0,226.17561
540.0,2.0,1080.0,4.0,1106944,4096,57,1,n3091-1,540.0,226.17561
540.0,2.0,1080.0,4.0,1106944,4096,61,1,n3092-1,540.0,226.17561
540.0,2.0,1080.0,4.0,1106944,4096,64,1,n3093-1,540.0,226.17561
540.5,0.5,1081.0,1.0,1107968,1024,31,4,n3096-1,540.0,226.17561
540.5,0.5,1081.0,1.0,1107968,1024,43,4,n3097-1,540.0,226.17561
541.0,0.5,1082.0,1.0,1108992,1024,30,4,n3098-1,541.0,226.56396
541.0,0.5,1082.0,1.0,1108992,1024,42,4,n3099-1,541.0,226.56396
541.5,0.5,1083.0,1.0,1110016,1024,28,4,n3100-1,541.0,226.56396
541.5,0.5,1083.0,1.0,1110016,1024,40,4,n3101-1,541.0,226.56396
542.0,0.5,1084.0,1.0,1111040,1024,26,4,n3110-1,542.0,226.95338
542.0,0.5,1084.0,1.0,1111040,1024,38,4,n3111-1,542.0,226.95338
542.0,1.5,1084.0,3.0,1111040,3072,54,1,n3102-1,542.0,226.95338
542.0,1.5,1084.0,3.0,1111040,3072,59,1,n3103-1,542.0,226.95338
542.0,1.5,1084.0,3.0,1111040,3072,62,1,n3104-1,542.0,226.95338
542.0,1.5,1084.0,3.0,1111040,3072,66,1,n3105-1,542.0,226.95338
542.5,0.5,1085.0,1.0,1112064,1024,28,4,n3112-1,542.0,226.95338
542.5,0.5,1085.0,1.0,1112064,1024,40,4,n3113-1,542.0,226.95338
543.0,0.5,1086.0,1.0,1113088,1024,30,4,n3114-1,543.0,227.35083
543.0,0.5,1086.0,1.0,1113088,1024,42,4,n3115-1,543.0,227.35083
543.5,0.5,1087.0,1.0,1114112,1024,31,4,n3116-1,543.0,227.35083
543.5,0.5,1087.0,1.0,1114112,1024,43,4,n3117-1,543.0,227.35083
543.5,1.0,1087.0,2.0,1114112,2048,55,1,n3106-1,543.0,227.35083
543.5,1.0,1087.0,2.0,1114112,2048,59,1,n3107-1,543.0,227.35083
543.5,1.0,1087.0,2.0,1114112,2048,64,1,n3108-1,543.0,227.35083
543.5,1.0,1087.0,2.0,1114112,2048,67,1,n3109-1,543.0,227.35083
544.0,0.5,1088.0,1.0,1115136,1024,33,4,n3130-1,544.0,227.75414
544.0,0.5,1088.0,1.0,1115136,1024,45,4,n3131-1,544.0,227.75414
544.5,1.0,1089.0,2.0,1116160,2048,54,1,n3122-1,544.0,227.75414
544.5,1.0,1089.0,2.0,1116160,2048,57,1,n3123-1,544.0,227.75414
544.5,1.0,1089.0,2.0,1116160,2048,62,1,n3124-1,544.0,227.75414
544.5,1.0,1089.0,2.0,1116160,2048,66,1,n3125-1,544.0,227.75414
545.0,0.5,1090.0,1.0,1117184,1024,33,4,n3133-1,545.0,228.1553
545.0,0.5,1090.0,1.0,1117184,1024,45,4,n3134-1,545.0,228.1553
545.5,0.5,1091.0,1.0,1118208,1024,52,1,n3126-1,545.0,228.1553
545.5,0.5,1091.0,1.0,1118208,1024,55,1,n3127-1,545.0,228.1553
545.5,0.5,1091.0,1.0,1118208,1024,57,1,n3128-1,545.0,228.1553
545.5,0.5,1091.0,1.0,1118208,1024,61,1,n3129-1,545.0,228.1553
546.0,0.25,1092.0,0.5,1119232,512,38,4,n3143-1,546.0,228.56343
546.0,0.5,1092.0,1.0,1119232,1024,54,1,n3136-1,546.0,228.56343
546.0,0.5,1092.0,1.0,1119232,1024,57,1,n3137-1,546.0,228.56343
546.0,0.5,1092.0,1.0,1119232,1024,62,1,n3138-1,546.0,228.56343
546.25,0.25,1092.5,0.5,1119744,512,50,4,n3144-1,546.0,228.56343
546.5,0.25,1093.0,0.5,1120256,512,49,4,n3145-1,546.0,228.56343
546.75,0.25,1093.5,0.5,1120768,512,50,4,n3146-1,546.0,228.56343
547.0,0.25,1094.0,0.5,1121280,512,49,4,n3147-1,547.0,228.99506
547.25,0.25,1094.5,0.5,1121792,512,50,4,n3148-1,547.0,228.99506
547.5,0.25,1095.0,0.5,1122304,512,49,4,n3149-1,547.0,228.99506
547.5,0.5,1095.0,1.0,1122304,1024,74,1,n3141-1,547.0,228.99506
547.5,0.5,1095.0,1.0,1122304,1024,86,1,n3142-1,547.0,228.99506
547.75,0.25,1095.5,0.5,1122816,512,50,4,n3150-1,547.0,228.99506
548.0,0.25,1096.0,0.5,1123328,512,40,4,n3159-1,548.0,229.3754
548.0,0.5,1096.0,1.0,1123328,1024,72,1,n3151-1,548.0,229.3754
548.0,0.5,1096.0,1.0,1123328,1024,84,1,n3152-1,548.0,229.3754
548.25,0.25,1096.5,0.5,1123840,512,50,4,n3160-1,548.0,229.3754
548.5,0.25,1097.0,0.5,1124352,512,49,4,n3161-1,548.0,229.3754
548.5,0.5,1097.0,1.0,1124352,1024,69,1,n3153-1,548.0,229.3754
548.5,0.5,1097.0,1.0,1124352,1024,81,1,n3154-1,548.0,229.3754
548.75,0.25,1097.5,0.5,1124864,512,50,4,n3162-1,548.0,229.3754
549.0,0.25,1098.0,0.5,1125376,512,42,4,n3163-1,549.0,229.74184
549.0,0.5,1098.0,1.0,1125376,1024,74,1,n3155-1,549.0,229.74184
549.0,0.5,1098.0,1.0,1125376,1024,86,1,n3156-1,549.0,229.74184
549.25,0.25,1098.5,0.5,1125888,512,50,4,n3164-1,549.0,229.74184
549.5,0.25,1099.0,0.5,1126400,512,49,4,n3165-1,549.0,229.74184
549.5,0.5,1099.0,1.0,1126400,1024,72,1,n3157-1,549.0,229.74184
549.5,0.5,1099.0,1.0,1126400,1024,84,1,n3158-1,549.0,229.74184
549.75,0.25,1099.5,0.5,1126912,512,50,4,n3166-1,549.0,229.74184
550.0,0.25,1100.0,0.5,1127424,512,43,4,n3175-1,550.0,230.12111
550.0,0.5,1100.0,1.0,1127424,1024,71,1,n3167-1,550.0,230.12111
550.0,0.5,1100.0,1.0,1127424,1024,83,1,n3168-1,550.0,230.12111
550.25,0.25,1100.5,0.5,1127936,512,50,4,n3176-1,550.0,230.12111
550.5,0.25,1101.0,0.5,1128448,512,49,4,n3177-1,550.0,230.12111
550.5,0.5,1101.0,1.0,1128448,1024,69,1,n3169-1,550.0,230.12111
550.5,0.5,1101.0,1.0,1128448,1024,81,1,n3170-1,550.0,230.12111
550.75,0.25,1101.5,0.5,1128960,512,50,4,n3178-1,550.0,230.12111
551.0,0.25,1102.0,0.5,1129472,512,45,4,n3179-1,551.0,230.49077
551.0,0.5,1102.0,1.0,1129472,1024,67,1,n3171-1,551.0,230.49077
551.0,0.5,1102.0,1.0,1129472,1024,79,1,n3172-1,551.0,230.49077
551.25,0.25,1102.5,0.5,1129984,512,50,4,n3180-1,551.0,230.49077
551.5,0.25,1103.0,0.5,1130496,512,49,4,n3181-1,551.0,230.49077
551.5,0.5,1103.0,1.0,1130496,1024,66,1,n3173-1,551.0,230.49077
551.5,0.5,1103.0,1.0,1130496,1024,78,1,n3174-1,551.0,230.49077
551.75,0.25,1103.5,0.5,1131008,512,50,4,n3182-1,551.0,230.49077
552.0,0.25,1104.0,0.5,1131520,512,47,4,n3191-1,552.0,230.86363
552.0,0.5,1104.0,1.0,1131520,1024,67,1,n3183-1,552.0,230.86363
552.0,0.5,1104.0,1.0,1131520,1024,79,1,n3184-1,552.0,230.86363
552.25,0.25,1104.5,0.5,1132032,512,50,4,n3192-1,552.0,230.86363
552.5,0.25,1105.0,0.5,1132544,512,49,4,n3193-1,552.0,230.86363
552.5,0.5,1105.0,1.0,1132544,1024,64,1,n3185-1,552.0,230.86363
552.5,0.5,1105.0,1.0,1132544,1024,76,1,n3186-1,552.0,230.86363
552.75,0.25,1105.5,0.5,1133056,512,50,4,n3194-1,552.0,230.86363
553.0,0.25,1106.0,0.5,1133568,512,49,4,n3195-1,553.0,231.23863
553.0,0.5,1106.0,1.0,1133568,1024,69,1,n3187-1,553.0,231.23863
553.0,0.5,1106.0,1.0,1133568,1024,81,1,n3188-1,553.0,231.23863
553.25,0.25,1106.5,0.5,1134080,512,50,4,n3196-1,553.0,231.23863
553.5,0.25,1107.0,0.5,1134592,512,49,4,n3197-1,553.0,231.23863
553.5,0.5,1107.0,1.0,1134592,1024,67,1,n3189-1,553.0,231.23863
553.5,0.5,1107.0,1.0,1134592,1024,79,1,n3190-1,553.0,231.23863
553.75,0.25,1107.5,0.5,1135104,512,50,4,n3198-1,553.0,231.23863
554.0,8.5,1108.0,17.0,1135616,17408,38,5,n3210-1,554.0,231.6382
554.0,1.5,1108.0,3.0,1135616,3072,50,4,n3208-1,554.0,231.6382
554.0,0.25,1108.0,0.5,1135616,512,66,1,n3199-1,554.0,231.6382
554.0,0.25,1108.0,0.5,1135616,512,78,1,n3200-1,554.0,231.6382
554.25,0.25,1108.5,0.5,1136128,512,62,1,n3201-1,554.0,231.6382
554.5,0.25,1109.0,0.5,1136640,512,61,1,n3202-1,554.0,231.6382
554.75,0.25,1109.5,0.5,1137152,512,62,1,n3203-1,554.0,231.6382
555.0,0.25,1110.0,0.5,1137664,512,64,1,n3204-1,555.0,232.05167
555.25,0.25,1110.5,0.5,1138176,512,62,1,n3205-1,555.0,232.05167
555.5,0.5,1111.0,1.0,1138688,1024,50,4,n3209-1,555.0,232.05167
555.5,0.25,1111.0,0.5,1138688,512,61,1,n3206-1,555.0,232.05167
555.75,0.25,1111.5,0.5,1139200,512,62,1,n3207-1,555.0,232.05167
556.0,0.5,1112.0,1.0,1139712,1024,48,4,n3219-1,556.0,232.41225
556.0,0.25,1112.0,0.5,1139712,512,52,1,n3211-1,556.0,232.41225
556.25,0.25,1112.5,0.5,1140224,512,64,1,n3212-1,556.0,232.41225
556.5,0.5,1113.0,1.0,1140736,1024,45,4,n3220-1,556.0,232.41225
556.5,0.25,1113.0,0.5,1140736,512,63,1,n3213-1,556.0,232.41225
556.75,0.25,1113.5,0.5,1141248,512,64,1,n3214-1,556.0,232.41225
557.0,0.5,1114.0,1.0,1141760,1024,50,4,n3221-1,557.0,232.80968
557.0,0.25,1114.0,0.5,1141760,512,54,1,n3215-1,557.0,232.80968
557.25,0.25,1114.5,0.5,1142272,512,66,1,n3216-1,557.0,232.80968
557.5,0.5,1115.0,1.0,1142784,1024,48,4,n3222-1,557.0,232.80968
557.5,0.25,1115.0,0.5,1142784,512,65,1,n3217-1,557.0,232.80968
557.75,0.25,1115.5,0.5,1143296,512,66,1,n3218-1,557.0,232.80968
558.0,0.5,1116.0,1.0,1143808,1024,47,4,n3232-1,558.0,233.182
558.0,0.25,1116.0,0.5,1143808,512,55,1,n3224-1,558.0,233.182
558.25,0.25,1116.5,0.5,1144320,512,67,1,n3225-1,558.0,233.182
558.5,0.5,1117.0,1.0,1144832,1024,45,4,n3233-1,558.0,233.182
558.5,0.25,1117.0,0.5,1144832,512,66,1,n3226-1,558.0,233.182
558.75,0.25,1117.5,0.5,1145344,512,67,1,n3227-1,558.0,233.182
559.0,0.5,1118.0,1.0,1145856,1024,43,4,n3234-1,559.0,233.549
559.0,0.25,1118.0,0.5,1145856,512,57,1,n3228-1,559.0,233.549
559.25,0.25,1118.5,0.5,1146368,512,69,1,n3229-1,559.0,233.549
559.5,0.5,1119.0,1.0,1146880,1024,42,4,n3235-1,559.0,233.549
559.5,0.25,1119.0,0.5,1146880,512,68,1,n3230-1,559.0,233.549
559.75,0.25,1119.5,0.5,1147392,512,69,1,n3231-1,559.0,233.549
560.0,0.5,1120.0,1.0,1147904,1024,43,4,n3245-1,560.0,233.93094
560.0,0.25,1120.0,0.5,1147904,512,59,1,n3237-1,560.0,233.93094
560.25,0.25,1120.5,0.5,1148416,512,71,1,n3238-1,560.0,233.93094
560.5,0.5,1121.0,1.0,1148928,1024,40,4,n3246-1,560.0,233.93094
560.5,0.25,1121.0,0.5,1148928,512,70,1,n3239-1,560.0,233.93094
560.75,0.25,1121.5,0.5,1149440,512,71,1,n3240-1,560.0,233.93094
561.0,0.5,1122.0,1.0,1149952,1024,45,4,n3247-1,561.0,234.30487
561.0,0.25,1122.0,0.5,1149952,512,61,1,n3241-1,561.0,234.30487
561.25,0.25,1122.5,0.5,1150464,512,73,1,n3242-1,561.0,234.30487
561.5,0.5,1123.0,1.0,1150976,1024,43,4,n3248-1,561.0,234.30487
561.5,0.25,1123.0,0.5,1150976,512,72,1,n3243-1,561.0,234.30487
561.75,0.25,1123.5,0.5,1151488,512,73,1,n3244-1,561.0,234.30487
562.0,0.5,1124.0,1.0,1152000,1024,42,4,n3258-1,562.0,234.65315
562.0,0.25,1124.0,0.5,1152000,512,62,1,n3250-1,562.0,234.65315
562.25,0.25,1124.5,0.5,1152512,512,74,1,n3251-1,562.0,234.65315
562.5,1.0,1125.0,2.0,1153024,2048,50,4,n3259-1,562.0,234.65315
562.5,7.5,1125.0,15.0,1153024,15360,50,5,n3262-1,562.0,234.65315
562.5,0.25,1125.0,0.5,1153024,512,73,1,n3252-1,562.0,234.65315
562.75,0.25,1125.5,0.5,1153536,512,74,1,n3253-1,562.0,234.65315
563.0,0.25,1126.0,0.5,1154048,512,76,1,n3254-1,563.0,235.07944
563.25,0.25,1126.5,0.5,1154560,512,74,1,n3255-1,563.0,235.07944
563.5,0.5,1127.0,1.0,1155072,1024,62,4,n3260-1,563.0,235.07944
563.5,0.25,1127.0,0.5,1155072,512,73,1,n3256-1,563.0,235.07944
563.75,0.25,1127.5,0.5,1155584,512,74,1,n3257-1,563.0,235.07944
564.0,0.5,1128.0,1.0,1156096,1024,60,4,n3271-1,564.0,235.46619
564.0,0.25,1128.0,0.5,1156096,512,64,1,n3263-1,564.0,235.46619
564.25,0.25,1128.5,0.5,1156608,512,76,1,n3264-1,564.0,235.46619
564.5,0.5,1129.0,1.0,1157120,1024,57,4,n3272-1,564.0,235.46619
564.5,0.25,1129.0,0.5,1157120,512,75,1,n3265-1,564.0,235.46619
564.75,0.25,1129.5,0.5,1157632,512,76,1,n3266-1,564.0,235.46619
565.0,0.5,1130.0,1.0,1158144,1024,62,4,n3273-1,565.0,235.846
565.0,0.25,1130.0,0.5,1158144,512,66,1,n3267-1,565.0,235.846
565.25,0.25,1130.5,0.5,1158656,512,78,1,n3268-1,565.0,235.846
565.5,0.5,1131.0,1.0,1159168,1024,60,4,n3274-1,565.0,235.846
565.5,0.25,1131.0,0.5,1159168,512,77,1,n3269-1,565.0,235.846
565.75,0.25,1131.5,0.5,1159680,512,78,1,n3270-1,565.0,235.846
566.0,0.5,1132.0,1.0,1160192,1024,59,4,n3284-1,566.0,236.22847
566.0,0.25,1132.0,0.5,1160192,512,67,1,n3276-1,566.0,236.22847
566.25,0.25,1132.5,0.5,1160704,512,79,1,n3277-1,566.0,236.22847
566.5,0.5,1133.0,1.0,1161216,1024,57,4,n3285-1,566.0,236.22847
566.5,0.25,1133.0,0.5,1161216,512,78,1,n3278-1,566.0,236.22847
566.75,0.25,1133.5,0.5,1161728,512,79,1,n3279-1,566.0,236.22847
567.0,0.5,1134.0,1.0,1162240,1024,55,4,n3286-1,567.0,236.60828
567.0,0.25,1134.0,0.5,1162240,512,69,1,n3280-1,567.0,236.60828
567.25,0.25,1134.5,0.5,1162752,512,81,1,n3281-1,567.0,236.60828
567.5,0.5,1135.0,1.0,1163264,1024,54,4,n3287-1,567.0,236.60828
567.5,0.25,1135.0,0.5,1163264,512,80,1,n3282-1,567.0,236.60828
567.75,0.25,1135.5,0.5,1163776,512,81,1,n3283-1,567.0,236.60828
568.0,0.5,1136.0,1.0,1164288,1024,55,4,n3297-1,568.0,236.98862
568.0,0.25,1136.0,0.5,1164288,512,71,1,n3289-1,568.0,236.98862
568.25,0.25,1136.5,0.5,1164800,512,83,1,n3290-1,568.0,236.98862
568.5,0.5,1137.0,1.0,1165312,1024,52,4,n3298-1,568.0,236.98862
568.5,0.25,1137.0,0.5,1165312,512,82,1,n3291-1,568.0,236.98862
568.75,0.25,1137.5,0.5,1165824,512,83,1,n3292-1,568.0,236.98862
569.0,0.5,1138.0,1.0,1166336,1024,57,4,n3299-1,569.0,237.36522
569.0,0.25,1138.0,0.5,1166336,512,73,1,n3293-1,569.0,237.36522
569.25,0.25,1138.5,0.5,1166848,512,85,1,n3294-1,569.0,237.36522
569.5,0.5,1139.0,1.0,1167360,1024,55,4,n3300-1,569.0,237.36522
569.5,0.25,1139.0,0.5,1167360,512,84,1,n3295-1,569.0,237.36522
569.75,0.25,1139.5,0.5,1167872,512,85,1,n3296-1,569.0,237.36522
570.0,0.5,1140.0,1.0,1168384,1024,50,5,n3308-1,570.0,237.80058
570.0,0.5,1140.0,1.0,1168384,1024,54,4,n3306-1,570.0,237.80058
570.0,0.5,1140.0,1.0,1168384,1024,74,1,n3302-1,570.0,237.80058
570.0,0.5,1140.0,1.0,1168384,1024,86,1,n3303-1,570.0,237.80058
571.0,1.0,1142.0,2.0,1170432,2048,69,4,n3307-1,571.0,238.72098
571.0,1.0,1142.0,2.0,1170432,2048,81,1,n3305-1,571.0,238.72098
572.0,1.0,1144.0,2.0,1172480,2048,71,4,n3311-1,572.0,239.15367
572.0,1.0,1144.0,2.0,1172480,2048,83,1,n3309-1,572.0,239.15367
573.0,1.0,1146.0,2.0,1174528,2048,64,4,n3312-1,573.0,239.56126
573.0,1.0,1146.0,2.0,1174528,2048,76,1,n3310-1,573.0,239.56126
574.0,1.0,1148.0,2.0,1176576,2048,69,4,n3316-1,574.0,239.99342
574.0,1.0,1148.0,2.0,1176576,2048,81,1,n3313-1,574.0,239.99342
575.0,1.0,1150.0,2.0,1178624,2048,59,5,n3318-1,575.0,240.44481
575.0,1.0,1150.0,2.0,1178624,2048,66,4,n3317-1,575.0,240.44481
575.0,2.0,1150.0,4.0,1178624,4096,71,1,n3314-1,575.0,240.44481
575.0,1.0,1150.0,2.0,1178624,2048,75,1,n3315-1,575.0,240.44481
576.0,1.0,1152.0,2.0,1180672,2048,52,5,n3324-1,576.0,240.88498
576.0,2.0,1152.0,4.0,1180672,4096,64,4,n3323-1,576.0,240.88498
576.0,1.0,1152.0,2.0,1180672,2048,79,1,n3320-1,576.0,240.88498
577.0,1.0,1154.0,2.0,1182720,2048,57,5,n3325-1,577.0,241.30057
577.0,1.0,1154.0,2.0,1182720,2048,67,1,n3321-1,577.0,241.30057
577.0,1.0,1154.0,2.0,1182720,2048,73,1,n3322-1,577.0,241.30057
578.0,1.0,1156.0,2.0,1184768,2048,50,4,n3329-1,578.0,241.79309
578.0,1.0,1156.0,2.0,1184768,2048,62,4,n3330-1,578.0,241.79309
578.0,1.0,1156.0,2.0,1184768,2048,66,1,n3326-1,578.0,241.79309
578.0,1.0,1156.0,2.0,1184768,2048,74,1,n3327-1,578.0,241.79309
579.0,1.0,1158.0,2.0,1186816,2048,58,4,n3331-1,579.0,242.24928
579.0,1.0,1158.0,2.0,1186816,2048,70,1,n3328-1,579.0,242.24928
580.0,1.0,1160.0,2.0,1188864,2048,59,4,n3334-1,580.0,242.651
580.0,1.0,1160.0,2.0,1188864,2048,71,1,n3332-1,580.0,242.651
581.0,1.0,1162.0,2.0,1190912,2048,52,4,n3335-1,581.0,243.10292
581.0,1.0,1162.0,2.0,1190912,2048,64,1,n3333-1,581.0,243.10292
582.0,1.0,1164.0,2.0,1192960,2048,57,4,n3339-1,582.0,243.54576
582.0,1.0,1164.0,2.0,1192960,2048,69,1,n3336-1,582.0,243.54576
583.0,1.0,1166.0,2.0,1195008,2048,47,5,n3341-1,583.0,243.96082
583.0,1.0,1166.0,2.0,1195008,2048,54,4,n3340-1,583.0,243.96082
583.0,2.0,1166.0,4.0,1195008,4096,59,2,n3337-1,583.0,243.96082
583.0,1.0,1166.0,2.0,1195008,2048,63,2,n3338-1,583.0,243.96082
584.0,1.0,1168.0,2.0,1197056,2048,40,5,n3348-1,584.0,244.40205
584.0,2.0,1168.0,4.0,1197056,4096,52,4,n3347-1,584.0,244.40205
584.0,2.0,1168.0,4.0,1197056,4096,67,1,n3342-1,584.0,244.40205
584.0,1.0,1168.0,2.0,1197056,2048,67,2,n3344-1,584.0,244.40205
585.0,1.0,1170.0,2.0,1199104,2048,45,5,n3349-1,585.0,244.8198
585.0,1.0,1170.0,2.0,1199104,2048,55,2,n3345-1,585.0,244.8198
585.0,1.0,1170.0,2.0,1199104,2048,61,2,n3346-1,585.0,244.8198
586.0,1.0,1172.0,2.0,1201152,2048,38,5,n3355-1,586.0,245.27332
586.0,2.0,1172.0,4.0,1201152,4096,50,4,n3354-1,586.0,245.27332
586.0,2.0,1172.0,4.0,1201152,4096,54,1,n3350-1,586.0,245.27332
586.0,2.0,1172.0,4.0,1201152,4096,66,1,n3351-1,586.0,245.27332
586.0,1.0,1172.0,2.0,1201152,2048,66,2,n3352-1,586.0,245.27332
587.0,1.0,1174.0,2.0,1203200,2048,43,5,n3356-1,587.0,245.7028
587.0,1.0,1174.0,2.0,1203200,2048,59,2,n3353-1,587.0,245.7028
588.0,1.0,1176.0,2.0,1205248,2048,37,5,n3362-1,588.0,246.1355
588.0,2.0,1176.0,4.0,1205248,4096,49,4,n3361-1,588.0,246.1355
588.0,2.0,1176.0,4.0,1205248,4096,52,1,n3357-1,588.0,246.1355
588.0,2.0,1176.0,4.0,1205248,4096,64,1,n3358-1,588.0,246.1355
588.0,1.0,1176.0,2.0,1205248,2048,64,2,n3359-1,588.0,246.1355
589.0,1.0,1178.0,2.0,1207296,2048,42,5,n3363-1,589.0,246.54681
589.0,1.0,1178.0,2.0,1207296,2048,58,2,n3360-1,589.0,246.54681
590.0,1.0,1180.0,2.0,1209344,2048,35,5,n3369-1,590.0,246.99126
590.0,2.0,1180.0,4.0,1209344,4096,47,4,n3367-1,590.0,246.99126
590.0,2.0,1180.0,4.0,1209344,4096,50,4,n3368-1,590.0,246.99126
590.0,2.0,1180.0,4.0,1209344,4096,62,1,n3364-1,590.0,246.99126
590.0,1.0,1180.0,2.0,1209344,2048,62,2,n3365-1,590.0,246.99126
591.0,1.0,1182.0,2.0,1211392,2048,40,5,n3370-1,591.0,247.41006
591.0,1.0,1182.0,2.0,1211392,2048,55,2,n3366-1,591.0,247.41006
592.0,1.0,1184.0,2.0,1213440,2048,33,5,n3376-1,592.0,247.8465
592.0,2.0,1184.0,4.0,1213440,4096,45,4,n3374-1,592.0,247.8465
592.0,2.0,1184.0,4.0,1213440,4096,48,4,n3375-1,592.0,247.8465
592.0,1.0,1184.0,2.0,1213440,2048,60,2,n3372-1,592.0,247.8465
592.0,2.0,1184.0,4.0,1213440,4096,60,1,n3371-1,592.0,247.8465
593.0,1.0,1186.0,2.0,1215488,2048,38,5,n3377-1,593.0,248.26155
593.0,1.0,1186.0,2.0,1215488,2048,54,2,n3373-1,593.0,248.26155
594.0,2.0,1188.0,4.0,1217536,4096,31,6,n3384-1,594.0,248.86626
594.0,0.5,1188.0,1.0,1217536,1024,50,4,n3381-1,594.0,248.86626
594.0,0.5,1188.0,1.0,1217536,1024,55,4,n3382-1,594.0,248.86626
594.0,0.5,1188.0,1.0,1217536,1024,59,1,n3378-1,594.0,248.86626
595.5,0.5,1191.0,1.0,1220608,1024,43,5,n3383-1,595.0,249.24365
596.0,2.0,1192.0,4.0,1221632,4096,31,5,n3392-1,596.0,249.62106
596.0,0.5,1192.0,1.0,1221632,1024,42,4,n3389-1,596.0,249.62106
596.5,0.5,1193.0,1.0,1222656,1024,40,4,n3390-1,596.0,249.62106
597.0,0.5,1194.0,1.0,1223680,1024,38,4,n3391-1,597.0,250.03238
597.5,1.0,1195.0,2.0,1224704,2048,74,1,n3387-1,597.0,250.03238
597.5,0.5,1195.0,1.0,1224704,1024,86,1,n3388-1,597.0,250.03238
598.0,4.0,1196.0,8.0,1225728,8192,31,5,n3401-1,598.0,250.43463
598.0,0.5,1196.0,1.0,1225728,1024,83,1,n3394-1,598.0,250.43463
598.5,0.5,1197.0,1.0,1226752,1024,72,1,n3395-1,598.0,250.43463
598.5,0.5,1197.0,1.0,1226752,1024,81,1,n3396-1,598.0,250.43463
599.0,0.5,1198.0,1.0,1227776,1024,71,1,n3397-1,599.0,250.8406
599.0,0.5,1198.0,1.0,1227776,1024,79,1,n3398-1,599.0,250.8406
599.5,0.5,1199.0,1.0,1228800,1024,43,4,n3400-1,599.0,250.8406
600.0,0.5,1200.0,1.0,1229824,1024,42,4,n3406-1,600.0,251.23857
600.5,0.5,1201.0,1.0,1230848,1024,40,4,n3407-1,600.0,251.23857
601.0,0.5,1202.0,1.0,1231872,1024,38,4,n3408-1,601.0,251.6734
601.5,0.5,1203.0,1.0,1232896,1024,72,1,n3404-1,601.0,251.6734
601.5,0.5,1203.0,1.0,1232896,1024,74,1,n3405-1,601.0,251.6734
602.0,4.0,1204.0,8.0,1233920,8192,31,5,n3418-1,602.0,252.05267
602.0,0.5,1204.0,1.0,1233920,1024,71,1,n3410-1,602.0,252.05267
602.0,0.5,1204.0,1.0,1233920,1024,79,1,n3411-1,602.0,252.05267
602.5,0.5,1205.0,1.0,1234944,1024,72,1,n3412-1,602.0,252.05267
602.5,0.5,1205.0,1.0,1234944,1024,81,1,n3413-1,602.0,252.05267
603.0,0.5,1206.0,1.0,1235968,1024,74,1,n3414-1,603.0,252.46935
603.0,0.5,1206.0,1.0,1235968,1024,83,1,n3415-1,603.0,252.46935
603.5,0.5,1207.0,1.0,1236992,1024,43,4,n3417-1,603.0,252.46935
604.0,0.5,1208.0,1.0,1238016,1024,42,4,n3423-1,604.0,252.88814
604.5,0.5,1209.0,1.0,1239040,1024,40,4,n3424-1,604.0,252.88814
605.0,0.5,1210.0,1.0,1240064,1024,38,4,n3425-1,605.0,253.30374
605.5,1.0,1211.0,2.0,1241088,2048,62,1,n3421-1,605.0,253.30374
605.5,0.5,1211.0,1.0,1241088,1024,74,1,n3422-1,605.0,253.30374
606.0,3.5,1212.0,7.0,1242112,7168,31,5,n3435-1,606.0,253.71399
606.0,0.5,1212.0,1.0,1242112,1024,71,1,n3428-1,606.0,253.71399
606.5,0.5,1213.0,1.0,1243136,1024,60,1,n3429-1,606.0,253.71399
606.5,0.5,1213.0,1.0,1243136,1024,69,1,n3430-1,606.0,253.71399
607.0,0.5,1214.0,1.0,1244160,1024,59,1,n3431-1,607.0,254.12212
607.0,0.5,1214.0,1.0,1244160,1024,67,1,n3432-1,607.0,254.12212
607.5,0.5,1215.0,1.0,1245184,1024,43,4,n3434-1,607.0,254.12212
608.0,0.5,1216.0,1.0,1246208,1024,42,4,n3439-1,608.0,254.53984
608.5,0.5,1217.0,1.0,1247232,1024,40,4,n3440-1,608.0,254.53984
609.0,0.5,1218.0,1.0,1248256,1024,38,4,n3441-1,609.0,254.98322
609.5,0.5,1219.0,1.0,1249280,1024,50,1,n3438-1,609.0,254.98322
610.0,0.5,1220.0,1.0,1250304,1024,55,1,n3443-1,610.0,255.3828
610.5,0.5,1221.0,1.0,1251328,1024,57,1,n3444-1,610.0,255.3828
611.0,0.5,1222.0,1.0,1252352,1024,59,1,n3445-1,611.0,255.79518
611.5,0.5,1223.0,1.0,1253376,1024,62,4,n3449-1,611.0,255.79518
612.0,0.5,1224.0,1.0,1254400,1024,67,4,n3453-1,612.0,256.1937
612.5,0.5,1225.0,1.0,1255424,1024,69,4,n3454-1,612.0,256.1937
613.0,0.5,1226.0,1.0,1256448,1024,71,4,n3455-1,613.0,256.59006
613.5,0.5,1227.0,1.0,1257472,1024,74,1,n3452-1,613.0,256.59006
614.0,0.5,1228.0,1.0,1258496,1024,79,1,n3457-1,614.0,257.00992
614.5,0.5,1229.0,1.0,1259520,1024,81,1,n3458-1,614.0,257.00992
615.0,0.5,1230.0,1.0,1260544,1024,83,1,n3459-1,615.0,257.40735
615.5,0.5,1231.0,1.0,1261568,1024,38,4,n3463-1,615.0,257.40735
616.0,0.5,1232.0,1.0,1262592,1024,43,4,n3467-1,616.0,257.85287
616.5,0.5,1233.0,1.0,1263616,1024,45,4,n3468-1,616.0,257.85287
617.0,0.5,1234.0,1.0,1264640,1024,47,4,n3469-1,617.0,258.26205
617.5,0.5,1235.0,1.0,1265664,1024,50,1,n3466-1,617.0,258.26205
618.0,0.5,1236.0,1.0,1266688,1024,55,1,n3471-1,618.0,258.67337
618.5,0.5,1237.0,1.0,1267712,1024,57,1,n3472-1,618.0,258.67337
619.0,0.5,1238.0,1.0,1268736,1024,58,1,n3473-1,619.0,259.0783
619.5,0.5,1239.0,1.0,1269760,1024,62,4,n3477-1,619.0,259.0783
620.0,0.5,1240.0,1.0,1270784,1024,67,4,n3481-1,620.0,259.49283
620.5,0.5,1241.0,1.0,1271808,1024,69,4,n3482-1,620.0,259.49283
621.0,0.5,1242.0,1.0,1272832,1024,70,4,n3483-1,621.0,259.89774
621.5,0.5,1243.0,1.0,1273856,1024,74,1,n3480-1,621.0,259.89774
622.0,0.5,1244.0,1.0,1274880,1024,79,1,n3485-1,622.0,260.3005
622.5,0.5,1245.0,1.0,1275904,1024,81,1,n3486-1,622.0,260.3005
623.0,0.5,1246.0,1.0,1276928,1024,82,1,n3487-1,623.0,260.71826
623.5,0.5,1247.0,1.0,1277952,1024,38,4,n3491-1,623.0,260.71826
624.0,0.5,1248.0,1.0,1278976,1024,43,4,n3495-1,624.0,261.14026
624.5,0.5,1249.0,1.0,1280000,1024,45,4,n3496-1,624.0,261.14026
625.0,0.5,1250.0,1.0,1281024,1024,46,4,n3497-1,625.0,261.5174
625.5,0.5,1251.0,1.0,1282048,1024,50,1,n3494-1,625.0,261.5174
626.0,0.5,1252.0,1.0,1283072,1024,53,1,n3499-1,626.0,261.949
626.5,0.5,1253.0,1.0,1284096,1024,55,1,n3500-1,626.0,261.949
627.0,0.5,1254.0,1.0,1285120,1024,56,1,n3501-1,627.0,262.3507
627.5,0.5,1255.0,1.0,1286144,1024,62,4,n3505-1,627.0,262.3507
628.0,0.5,1256.0,1.0,1287168,1024,65,4,n3509-1,628.0,262.78235
628.5,0.5,1257.0,1.0,1288192,1024,67,4,n3510-1,628.0,262.78235
629.0,0.5,1258.0,1.0,1289216,1024,68,4,n3511-1,629.0,263.21182
629.5,0.5,1259.0,1.0,1290240,1024,74,1,n3508-1,629.0,263.21182
630.0,0.5,1260.0,1.0,1291264,1024,77,1,n3513-1,630.0,263.58682
630.5,0.5,1261.0,1.0,1292288,1024,79,1,n3514-1,630.0,263.58682
631.0,0.5,1262.0,1.0,1293312,1024,80,1,n3515-1,631.0,264.00565
631.5,0.5,1263.0,1.0,1294336,1024,46,4,n3517-1,631.0,264.00565
631.5,4.0,1263.0,8.0,1294336,8192,46,5,n3518-1,631.0,264.00565
632.0,0.5,1264.0,1.0,1295360,1024,50,4,n3522-1,632.0,264.44687
632.5,0.5,1265.0,1.0,1296384,1024,51,4,n3523-1,632.0,264.44687
633.0,1.5,1266.0,3.0,1297408,3072,53,4,n3524-1,633.0,264.87634
633.5,2.0,1267.0,4.0,1298432,4096,56,2,n3520-1,633.0,264.87634
633.5,0.5,1267.0,1.0,1298432,1024,56,3,n3521-1,633.0,264.87634
633.5,2.0,1267.0,4.0,1298432,4096,68,1,n3519-1,633.0,264.87634
634.0,0.5,1268.0,1.0,1299456,1024,62,3,n3528-1,634.0,265.29944
634.5,0.5,1269.0,1.0,1300480,1024,51,4,n3532-1,634.0,265.29944
634.5,0.5,1269.0,1.0,1300480,1024,63,3,n3529-1,634.0,265.29944
635.0,0.5,1270.0,1.0,1301504,1024,50,4,n3533-1,635.0,265.71182
635.0,0.5,1270.0,1.0,1301504,1024,65,3,n3530-1,635.0,265.71182
635.5,0.5,1271.0,1.0,1302528,1024,46,4,n3534-1,635.0,265.71182
635.5,4.0,1271.0,8.0,1302528,8192,46,5,n3536-1,635.0,265.71182
636.0,0.5,1272.0,1.0,1303552,1024,50,4,n3540-1,636.0,266.13382
636.5,0.5,1273.0,1.0,1304576,1024,51,4,n3541-1,636.0,266.13382
637.0,1.5,1274.0,3.0,1305600,3072,53,4,n3542-1,637.0,266.55905
637.5,0.5,1275.0,1.0,1306624,1024,56,3,n3539-1,637.0,266.55905
637.5,2.0,1275.0,4.0,1306624,4096,56,2,n3538-1,637.0,266.55905
637.5,2.0,1275.0,4.0,1306624,4096,68,1,n3537-1,637.0,266.55905
638.0,0.5,1276.0,1.0,1307648,1024,62,3,n3548-1,638.0,266.97998
638.5,0.5,1277.0,1.0,1308672,1024,51,4,n3553-1,638.0,266.97998
638.5,0.5,1277.0,1.0,1308672,1024,63,3,n3549-1,638.0,266.97998
639.0,0.5,1278.0,1.0,1309696,1024,50,4,n3554-1,639.0,267.38116
639.0,0.5,1278.0,1.0,1309696,1024,65,3,n3550-1,639.0,267.38116
639.5,0.5,1279.0,1.0,1310720,1024,46,4,n3555-1,639.0,267.38116
639.5,2.0,1279.0,4.0,1310720,4096,46,5,n3557-1,639.0,267.38116
639.5,2.0,1279.0,4.0,1310720,4096,56,2,n3547-1,639.0,267.38116
639.5,0.5,1279.0,1.0,1310720,1024,56,3,n3551-1,639.0,267.38116
639.5,2.0,1279.0,4.0,1310720,4096,68,1,n3545-1,639.0,267.38116
640.0,0.5,1280.0,1.0,1311744,1024,53,4,n3566-1,640.0,267.79996
640.0,0.5,1280.0,1.0,1311744,1024,62,3,n3562-1,640.0,267.79996
640.5,0.5,1281.0,1.0,1312768,1024,52,4,n3567-1,640.0,267.79996
640.5,0.5,1281.0,1.0,1312768,1024,64,3,n3563-1,640.0,267.79996
641.0,0.5,1282.0,1.0,1313792,1024,50,4,n3568-1,641.0,268.21768
641.0,0.5,1282.0,1.0,1313792,1024,65,3,n3564-1,641.0,268.21768
641.5,0.5,1283.0,1.0,1314816,1024,46,4,n3569-1,641.0,268.21768
641.5,2.0,1283.0,4.0,1314816,4096,46,5,n3571-1,641.0,268.21768
641.5,2.0,1283.0,4.0,1314816,4096,56,2,n3561-1,641.0,268.21768
641.5,0.5,1283.0,1.0,1314816,1024,56,3,n3565-1,641.0,268.21768
641.5,2.0,1283.0,4.0,1314816,4096,68,1,n3559-1,641.0,268.21768
642.0,0.5,1284.0,1.0,1315840,1024,53,4,n3580-1,642.0,268.6082
642.0,0.5,1284.0,1.0,1315840,1024,62,3,n3576-1,642.0,268.6082
642.5,0.5,1285.0,1.0,1316864,1024,52,4,n3581-1,642.0,268.6082
642.5,0.5,1285.0,1.0,1316864,1024,64,3,n3577-1,642.0,268.6082
643.0,0.5,1286.0,1.0,1317888,1024,50,4,n3582-1,643.0,269.0254
643.0,0.5,1286.0,1.0,1317888,1024,65,3,n3578-1,643.0,269.0254
643.5,2.0,1287.0,4.0,1318912,4096,45,5,n3585-1,643.0,269.0254
643.5,0.5,1287.0,1.0,1318912,1024,45,4,n3583-1,643.0,269.0254
643.5,0.5,1287.0,1.0,1318912,1024,55,3,n3579-1,643.0,269.0254
643.5,2.0,1287.0,4.0,1318912,4096,55,2,n3575-1,643.0,269.0254
643.5,2.0,1287.0,4.0,1318912,4096,67,1,n3573-1,643.0,269.0254
644.0,0.5,1288.0,1.0,1319936,1024,49,4,n3593-1,644.0,269.4474
644.0,0.5,1288.0,1.0,1319936,1024,64,3,n3590-1,644.0,269.4474
644.5,0.5,1289.0,1.0,1320960,1024,50,4,n3594-1,644.0,269.4474
644.5,0.5,1289.0,1.0,1320960,1024,62,3,n3591-1,644.0,269.4474
645.0,0.5,1290.0,1.0,1321984,1024,52,4,n3595-1,645.0,269.8411
645.0,0.5,1290.0,1.0,1321984,1024,61,3,n3592-1,645.0,269.8411
645.5,0.5,1291.0,1.0,1323008,1024,46,4,n3596-1,645.0,269.8411
645.5,0.5,1291.0,1.0,1323008,1024,54,2,n3589-1,645.0,269.8411
645.5,2.0,1291.0,4.0,1323008,4096,66,1,n3587-1,645.0,269.8411
646.0,0.5,1292.0,1.0,1324032,1024,47,5,n3605-1,646.0,270.24066
646.0,1.5,1292.0,3.0,1324032,3072,54,4,n3603-1,646.0,270.24066
646.0,0.5,1292.0,1.0,1324032,1024,62,2,n3600-1,646.0,270.24066
646.5,0.5,1293.0,1.0,1325056,1024,49,5,n3606-1,646.0,270.24066
646.5,0.5,1293.0,1.0,1325056,1024,61,2,n3601-1,646.0,270.24066
647.0,0.5,1294.0,1.0,1326080,1024,50,5,n3607-1,647.0,270.6274
647.0,0.5,1294.0,1.0,1326080,1024,59,2,n3602-1,647.0,270.6274
647.5,0.5,1295.0,1.0,1327104,1024,42,5,n3608-1,647.0,270.6274
647.5,2.0,1295.0,4.0,1327104,4096,52,4,n3604-1,647.0,270.6274
647.5,2.0,1295.0,4.0,1327104,4096,64,1,n3599-1,647.0,270.6274
648.0,0.5,1296.0,1.0,1328128,1024,43,5,n3616-1,648.0,271.05048
648.0,0.5,1296.0,1.0,1328128,1024,59,2,n3611-1,648.0,271.05048
648.5,0.5,1297.0,1.0,1329152,1024,45,5,n3617-1,648.0,271.05048
648.5,0.5,1297.0,1.0,1329152,1024,57,2,n3612-1,648.0,271.05048
649.0,0.5,1298.0,1.0,1330176,1024,47,5,n3618-1,649.0,271.41373
649.0,0.5,1298.0,1.0,1330176,1024,55,2,n3613-1,649.0,271.41373
649.5,2.5,1299.0,5.0,1331200,5120,33,5,n3619-1,649.0,271.41373
649.5,1.0,1299.0,2.0,1331200,2048,55,4,n3615-1,649.0,271.41373
649.5,2.0,1299.0,4.0,1331200,4096,61,1,n3610-1,649.0,271.41373
650.0,0.5,1300.0,1.0,1332224,1024,40,6,n3628-1,650.0,271.82504
650.5,0.5,1301.0,1.0,1333248,1024,42,6,n3629-1,650.0,271.82504
650.5,0.5,1301.0,1.0,1333248,1024,54,4,n3623-1,650.0,271.82504
651.0,0.5,1302.0,1.0,1334272,1024,43,6,n3630-1,651.0,272.19684
651.0,0.5,1302.0,1.0,1334272,1024,52,4,n3624-1,651.0,272.19684
651.5,0.5,1303.0,1.0,1335296,1024,45,6,n3631-1,651.0,272.19684
651.5,0.5,1303.0,1.0,1335296,1024,52,4,n3625-1,651.0,272.19684
651.5,0.5,1303.0,1.0,1335296,1024,55,4,n3626-1,651.0,272.19684
651.5,0.5,1303.0,1.0,1335296,1024,61,1,n3621-1,651.0,272.19684
652.0,0.25,1304.0,0.5,1336320,512,38,5,n3638-1,652.0,272.68936
652.0,0.5,1304.0,1.0,1336320,1024,54,4,n3636-1,652.0,272.68936
652.0,0.5,1304.0,1.0,1336320,1024,62,1,n3632-1,652.0,272.68936
652.25,0.25,1304.5,0.5,1336832,512,50,5,n3639-1,652.0,272.68936
652.5,0.25,1305.0,0.5,1337344,512,49,5,n3640-1,652.0,272.68936
652.75,0.25,1305.5,0.5,1337856,512,50,5,n3641-1,652.0,272.68936
653.0,0.25,1306.0,0.5,1338368,512,49,5,n3642-1,653.0,273.07397
653.25,0.25,1306.5,0.5,1338880,512,50,5,n3643-1,653.0,273.07397
653.5,0.25,1307.0,0.5,1339392,512,49,5,n3644-1,653.0,273.07397
653.5,0.5,1307.0,1.0,1339392,1024,78,4,n3637-1,653.0,273.07397
653.5,0.5,1307.0,1.0,1339392,1024,86,1,n3635-1,653.0,273.07397
653.75,0.25,1307.5,0.5,1339904,512,50,5,n3645-1,653.0,273.07397
654.0,0.25,1308.0,0.5,1340416,512,49,4,n3652-1,654.0,273.44043
654.0,1.5,1308.0,3.0,1340416,3072,79,2,n3650-1,654.0,273.44043
654.0,0.5,1308.0,1.0,1340416,1024,85,1,n3646-1,654.0,273.44043
654.25,0.25,1308.5,0.5,1340928,512,50,4,n3653-1,654.0,273.44043
654.5,0.25,1309.0,0.5,1341440,512,49,4,n3654-1,654.0,273.44043
654.5,0.5,1309.0,1.0,1341440,1024,83,1,n3647-1,654.0,273.44043
654.75,0.25,1309.5,0.5,1341952,512,50,4,n3655-1,654.0,273.44043
655.0,0.25,1310.0,0.5,1342464,512,49,4,n3656-1,655.0,273.82718
655.0,0.5,1310.0,1.0,1342464,1024,81,1,n3648-1,655.0,273.82718
655.25,0.25,1310.5,0.5,1342976,512,50,4,n3657-1,655.0,273.82718
655.5,0.25,1311.0,0.5,1343488,512,49,4,n3658-1,655.0,273.82718
655.5,0.5,1311.0,1.0,1343488,1024,79,2,n3651-1,655.0,273.82718
655.5,2.0,1311.0,4.0,1343488,4096,81,1,n3649-1,655.0,273.82718
655.75,0.25,1311.5,0.5,1344000,512,50,4,n3659-1,655.0,273.82718
656.0,0.25,1312.0,0.5,1344512,512,49,4,n3666-1,656.0,274.22354
656.0,0.5,1312.0,1.0,1344512,1024,78,2,n3662-1,656.0,274.22354
656.25,0.25,1312.5,0.5,1345024,512,50,4,n3667-1,656.0,274.22354
656.5,0.25,1313.0,0.5,1345536,512,49,4,n3668-1,656.0,274.22354
656.5,0.5,1313.0,1.0,1345536,1024,76,2,n3663-1,656.0,274.22354
656.75,0.25,1313.5,0.5,1346048,512,50,4,n3669-1,656.0,274.22354
657.0,0.25,1314.0,0.5,1346560,512,49,4,n3670-1,657.0,274.6119
657.0,0.5,1314.0,1.0,1346560,1024,74,2,n3664-1,657.0,274.6119
657.25,0.25,1314.5,0.5,1347072,512,50,4,n3671-1,657.0,274.6119
657.5,0.25,1315.0,0.5,1347584,512,49,4,n3672-1,657.0,274.6119
657.5,0.5,1315.0,1.0,1347584,1024,66,2,n3665-1,657.0,274.6119
657.5,0.5,1315.0,1.0,1347584,1024,74,1,n3661-1,657.0,274.6119
657.75,0.25,1315.5,0.5,1348096,512,50,4,n3673-1,657.0,274.6119
658.0,0.25,1316.0,0.5,1348608,512,49,4,n3680-1,658.0,275.02698
658.0,1.5,1316.0,3.0,1348608,3072,67,2,n3678-1,658.0,275.02698
658.0,0.5,1316.0,1.0,1348608,1024,73,1,n3674-1,658.0,275.02698
658.25,0.25,1316.5,0.5,1349120,512,50,4,n3681-1,658.0,275.02698
658.5,0.25,1317.0,0.5,1349632,512,49,4,n3682-1,658.0,275.02698
658.5,0.5,1317.0,1.0,1349632,1024,71,1,n3675-1,658.0,275.02698
658.75,0.25,1317.5,0.5,1350144,512,50,4,n3683-1,658.0,275.02698
659.0,0.25,1318.0,0.5,1350656,512,49,4,n3684-1,659.0,275.42386
659.0,0.5,1318.0,1.0,1350656,1024,69,1,n3676-1,659.0,275.42386
659.25,0.25,1318.5,0.5,1351168,512,50,4,n3685-1,659.0,275.42386
659.5,0.25,1319.0,0.5,1351680,512,49,4,n3686-1,659.0,275.42386
659.5,0.5,1319.0,1.0,1351680,1024,67,2,n3679-1,659.0,275.42386
659.5,2.0,1319.0,4.0,1351680,4096,69,1,n3677-1,659.0,275.42386
659.75,0.25,1319.5,0.5,1352192,512,50,4,n3687-1,659.0,275.42386
660.0,0.25,1320.0,0.5,1352704,512,49,4,n3694-1,660.0,275.85068
660.0,0.5,1320.0,1.0,1352704,1024,66,2,n3690-1,660.0,275.85068
660.25,0.25,1320.5,0.5,1353216,512,50,4,n3695-1,660.0,275.85068
660.5,0.25,1321.0,0.5,1353728,512,49,4,n3696-1,660.0,275.85068
660.5,0.5,1321.0,1.0,1353728,1024,64,2,n3691-1,660.0,275.85068
660.75,0.25,1321.5,0.5,1354240,512,50,4,n3697-1,660.0,275.85068
661.0,0.25,1322.0,0.5,1354752,512,49,4,n3698-1,661.0,276.24545
661.0,0.5,1322.0,1.0,1354752,1024,62,2,n3692-1,661.0,276.24545
661.25,0.25,1322.5,0.5,1355264,512,50,4,n3699-1,661.0,276.24545
661.5,0.25,1323.0,0.5,1355776,512,49,4,n3700-1,661.0,276.24545
661.5,0.5,1323.0,1.0,1355776,1024,54,2,n3693-1,661.0,276.24545
661.5,0.5,1323.0,1.0,1355776,1024,62,1,n3689-1,661.0,276.24545
661.75,0.25,1323.5,0.5,1356288,512,50,4,n3701-1,661.0,276.24545
662.0,0.25,1324.0,0.5,1356800,512,49,5,n3708-1,662.0,276.65518
662.0,1.5,1324.0,3.0,1356800,3072,55,4,n3706-1,662.0,276.65518
662.0,0.5,1324.0,1.0,1356800,1024,61,1,n3702-1,662.0,276.65518
662.25,0.25,1324.5,0.5,1357312,512,50,5,n3709-1,662.0,276.65518
662.5,0.25,1325.0,0.5,1357824,512,49,5,n3710-1,662.0,276.65518
662.5,0.5,1325.0,1.0,1357824,1024,59,1,n3703-1,662.0,276.65518
662.75,0.25,1325.5,0.5,1358336,512,50,5,n3711-1,662.0,276.65518
663.0,0.25,1326.0,0.5,1358848,512,49,5,n3712-1,663.0,277.04138
663.0,0.5,1326.0,1.0,1358848,1024,57,1,n3704-1,663.0,277.04138
663.25,0.25,1326.5,0.5,1359360,512,50,5,n3713-1,663.0,277.04138
663.5,0.25,1327.0,0.5,1359872,512,49,5,n3714-1,663.0,277.04138
663.5,0.5,1327.0,1.0,1359872,1024,55,4,n3707-1,663.0,277.04138
663.5,0.5,1327.0,1.0,1359872,1024,57,1,n3705-1,663.0,277.04138
663.75,0.25,1327.5,0.5,1360384,512,50,5,n3715-1,663.0,277.04138
664.0,0.25,1328.0,0.5,1360896,512,38,5,n3725-1,664.0,277.4383
664.0,0.25,1328.0,0.5,1360896,512,54,4,n3717-1,664.0,277.4383
664.25,0.25,1328.5,0.5,1361408,512,50,5,n3726-1,664.0,277.4383
664.25,0.25,1328.5,0.5,1361408,512,62,4,n3718-1,664.0,277.4383
664.5,0.25,1329.0,0.5,1361920,512,49,5,n3727-1,664.0,277.4383
664.5,0.25,1329.0,0.5,1361920,512,57,4,n3719-1,664.0,277.4383
664.75,0.25,1329.5,0.5,1362432,512,50,5,n3728-1,664.0,277.4383
664.75,0.25,1329.5,0.5,1362432,512,62,4,n3720-1,664.0,277.4383
665.0,0.25,1330.0,0.5,1362944,512,47,5,n3729-1,665.0,277.7946
665.0,0.25,1330.0,0.5,1362944,512,54,4,n3721-1,665.0,277.7946
665.25,0.25,1330.5,0.5,1363456,512,50,5,n3730-1,665.0,277.7946
665.25,0.25,1330.5,0.5,1363456,512,66,4,n3722-1,665.0,277.7946
665.5,0.25,1331.0,0.5,1363968,512,49,5,n3731-1,665.0,277.7946
665.5,0.25,1331.0,0.5,1363968,512,62,4,n3723-1,665.0,277.7946
665.75,0.25,1331.5,0.5,1364480,512,50,5,n3732-1,665.0,277.7946
665.75,0.25,1331.5,0.5,1364480,512,66,4,n3724-1,665.0,277.7946
666.0,0.25,1332.0,0.5,1364992,512,45,5,n3742-1,666.0,278.13806
666.0,0.25,1332.0,0.5,1364992,512,54,4,n3734-1,666.0,278.13806
666.25,0.25,1332.5,0.5,1365504,512,50,5,n3743-1,666.0,278.13806
666.25,0.25,1332.5,0.5,1365504,512,66,4,n3735-1,666.0,278.13806
666.5,0.25,1333.0,0.5,1366016,512,49,5,n3744-1,666.0,278.13806
666.5,0.25,1333.0,0.5,1366016,512,62,4,n3736-1,666.0,278.13806
666.75,0.25,1333.5,0.5,1366528,512,50,5,n3745-1,666.0,278.13806
666.75,0.25,1333.5,0.5,1366528,512,66,4,n3737-1,666.0,278.13806
667.0,0.25,1334.0,0.5,1367040,512,43,5,n3746-1,667.0,278.5072
667.0,0.25,1334.0,0.5,1367040,512,55,4,n3738-1,667.0,278.5072
667.25,0.25,1334.5,0.5,1367552,512,50,5,n3747-1,667.0,278.5072
667.25,0.25,1334.5,0.5,1367552,512,67,4,n3739-1,667.0,278.5072
667.5,0.25,1335.0,0.5,1368064,512,47,5,n3748-1,667.0,278.5072
667.5,0.25,1335.0,0.5,1368064,512,64,4,n3740-1,667.0,278.5072
667.75,0.25,1335.5,0.5,1368576,512,50,5,n3749-1,667.0,278.5072
667.75,0.25,1335.5,0.5,1368576,512,67,4,n3741-1,667.0,278.5072
668.0,0.25,1336.0,0.5,1369088,512,42,5,n3759-1,668.0,278.8512
668.0,0.25,1336.0,0.5,1369088,512,57,4,n3751-1,668.0,278.8512
668.25,0.25,1336.5,0.5,1369600,512,50,5,n3760-1,668.0,278.8512
668.25,0.25,1336.5,0.5,1369600,512,69,4,n3752-1,668.0,278.8512
668.5,0.25,1337.0,0.5,1370112,512,45,5,n3761-1,668.0,278.8512
668.5,0.25,1337.0,0.5,1370112,512,66,4,n3753-1,668.0,278.8512
668.75,0.25,1337.5,0.5,1370624,512,50,5,n3762-1,668.0,278.8512
668.75,0.25,1337.5,0.5,1370624,512,69,4,n3754-1,668.0,278.8512
669.0,0.25,1338.0,0.5,1371136,512,43,5,n3763-1,669.0,279.2155
669.0,0.25,1338.0,0.5,1371136,512,62,4,n3755-1,669.0,279.2155
669.25,0.25,1338.5,0.5,1371648,512,50,5,n3764-1,669.0,279.2155
669.25,0.25,1338.5,0.5,1371648,512,74,4,n3756-1,669.0,279.2155
669.5,0.25,1339.0,0.5,1372160,512,47,5,n3765-1,669.0,279.2155
669.5,0.25,1339.0,0.5,1372160,512,66,4,n3757-1,669.0,279.2155
669.75,0.25,1339.5,0.5,1372672,512,50,5,n3766-1,669.0,279.2155
669.75,0.25,1339.5,0.5,1372672,512,74,4,n3758-1,669.0,279.2155
670.0,0.25,1340.0,0.5,1373184,512,42,4,n3775-1,670.0,279.54297
670.0,0.25,1340.0,0.5,1373184,512,62,1,n3767-1,670.0,279.54297
670.25,0.25,1340.5,0.5,1373696,512,50,4,n3776-1,670.0,279.54297
670.25,0.25,1340.5,0.5,1373696,512,74,1,n3768-1,670.0,279.54297
670.5,0.25,1341.0,0.5,1374208,512,45,4,n3777-1,670.0,279.54297
670.5,0.25,1341.0,0.5,1374208,512,66,1,n3769-1,670.0,279.54297
670.75,0.25,1341.5,0.5,1374720,512,50,4,n3778-1,670.0,279.54297
670.75,0.25,1341.5,0.5,1374720,512,74,1,n3770-1,670.0,279.54297
671.0,0.25,1342.0,0.5,1375232,512,40,4,n3779-1,671.0,279.92117
671.0,0.25,1342.0,0.5,1375232,512,64,1,n3771-1,671.0,279.92117
671.25,0.25,1342.5,0.5,1375744,512,50,4,n3780-1,671.0,279.92117
671.25,0.25,1342.5,0.5,1375744,512,76,1,n3772-1,671.0,279.92117
671.5,0.25,1343.0,0.5,1376256,512,43,4,n3781-1,671.0,279.92117
671.5,0.25,1343.0,0.5,1376256,512,67,1,n3773-1,671.0,279.92117
671.75,0.25,1343.5,0.5,1376768,512,50,4,n3782-1,671.0,279.92117
671.75,0.25,1343.5,0.5,1376768,512,76,1,n3774-1,671.0,279.92117
672.0,0.25,1344.0,0.5,1377280,512,38,4,n3791-1,672.0,280.2807
672.0,0.25,1344.0,0.5,1377280,512,66,1,n3783-1,672.0,280.2807
672.25,0.25,1344.5,0.5,1377792,512,50,4,n3792-1,672.0,280.2807
672.25,0.25,1344.5,0.5,1377792,512,78,1,n3784-1,672.0,280.2807
672.5,0.25,1345.0,0.5,1378304,512,49,4,n3793-1,672.0,280.2807
672.5,0.25,1345.0,0.5,1378304,512,69,1,n3785-1,672.0,280.2807
672.75,0.25,1345.5,0.5,1378816,512,50,4,n3794-1,672.0,280.2807
672.75,0.25,1345.5,0.5,1378816,512,78,1,n3786-1,672.0,280.2807
673.0,0.25,1346.0,0.5,1379328,512,47,4,n3795-1,673.0,280.65143
673.0,0.25,1346.0,0.5,1379328,512,66,1,n3787-1,673.0,280.65143
673.25,0.25,1346.5,0.5,1379840,512,50,4,n3796-1,673.0,280.65143
673.25,0.25,1346.5,0.5,1379840,512,78,1,n3788-1,673.0,280.65143
673.5,0.25,1347.0,0.5,1380352,512,49,4,n3797-1,673.0,280.65143
673.5,0.25,1347.0,0.5,1380352,512,74,1,n3789-1,673.0,280.65143
673.75,0.25,1347.5,0.5,1380864,512,50,4,n3798-1,673.0,280.65143
673.75,0.25,1347.5,0.5,1380864,512,78,1,n3790-1,673.0,280.65143
674.0,0.25,1348.0,0.5,1381376,512,45,4,n3807-1,674.0,281.0211
674.0,0.25,1348.0,0.5,1381376,512,66,1,n3799-1,674.0,281.0211
674.25,0.25,1348.5,0.5,1381888,512,50,4,n3808-1,674.0,281.0211
674.25,0.25,1348.5,0.5,1381888,512,78,1,n3800-1,674.0,281.0211
674.5,0.25,1349.0,0.5,1382400,512,49,4,n3809-1,674.0,281.0211
674.5,0.25,1349.0,0.5,1382400,512,74,1,n3801-1,674.0,281.0211
674.75,0.25,1349.5,0.5,1382912,512,50,4,n3810-1,674.0,281.0211
674.75,0.25,1349.5,0.5,1382912,512,78,1,n3802-1,674.0,281.0211
675.0,0.25,1350.0,0.5,1383424,512,43,4,n3811-1,675.0,281.3843
675.0,0.25,1350.0,0.5,1383424,512,67,1,n3803-1,675.0,281.3843
675.25,0.25,1350.5,0.5,1383936,512,50,4,n3812-1,675.0,281.3843
675.25,0.25,1350.5,0.5,1383936,512,79,1,n3804-1,675.0,281.3843
675.5,0.25,1351.0,0.5,1384448,512,47,4,n3813-1,675.0,281.3843
675.5,0.25,1351.0,0.5,1384448,512,76,1,n3805-1,675.0,281.3843
675.75,0.25,1351.5,0.5,1384960,512,50,4,n3814-1,675.0,281.3843
675.75,0.25,1351.5,0.5,1384960,512,79,1,n3806-1,675.0,281.3843
676.0,0.25,1352.0,0.5,1385472,512,42,4,n3823-1,676.0,281.7561
676.0,0.25,1352.0,0.5,1385472,512,69,1,n3815-1,676.0,281.7561
676.25,0.25,1352.5,0.5,1385984,512,50,4,n3824-1,676.0,281.7561
676.25,0.25,1352.5,0.5,1385984,512,81,1,n3816-1,676.0,281.7561
676.5,0.25,1353.0,0.5,1386496,512,45,4,n3825-1,676.0,281.7561
676.5,0.25,1353.0,0.5,1386496,512,78,1,n3817-1,676.0,281.7561
676.75,0.25,1353.5,0.5,1387008,512,50,4,n3826-1,676.0,281.7561
676.75,0.25,1353.5,0.5,1387008,512,81,1,n3818-1,676.0,281.7561
677.0,0.25,1354.0,0.5,1387520,512,43,4,n3827-1,677.0,282.1135
677.0,0.25,1354.0,0.5,1387520,512,74,1,n3819-1,677.0,282.1135
677.25,0.25,1354.5,0.5,1388032,512,50,4,n3828-1,677.0,282.1135
677.25,0.25,1354.5,0.5,1388032,512,86,1,n3820-1,677.0,282.1135
677.5,0.25,1355.0,0.5,1388544,512,47,4,n3829-1,677.0,282.1135
677.5,0.25,1355.0,0.5,1388544,512,78,1,n3821-1,677.0,282.1135
677.75,0.25,1355.5,0.5,1389056,512,50,4,n3830-1,677.0,282.1135
677.75,0.25,1355.5,0.5,1389056,512,86,1,n3822-1,677.0,282.1135
678.0,0.25,1356.0,0.5,1389568,512,42,4,n3839-1,678.0,282.4607
678.0,0.25,1356.0,0.5,1389568,512,74,1,n3831-1,678.0,282.4607
678.25,0.25,1356.5,0.5,1390080,512,50,4,n3840-1,678.0,282.4607
678.25,0.25,1356.5,0.5,1390080,512,86,1,n3832-1,678.0,282.4607
678.5,0.25,1357.0,0.5,1390592,512,45,4,n3841-1,678.0,282.4607
678.5,0.25,1357.0,0.5,1390592,512,78,1,n3833-1,678.0,282.4607
678.75,0.25,1357.5,0.5,1391104,512,50,4,n3842-1,678.0,282.4607
678.75,0.25,1357.5,0.5,1391104,512,86,1,n3834-1,678.0,282.4607
679.0,0.25,1358.0,0.5,1391616,512,40,4,n3843-1,679.0,282.83838
679.0,0.25,1358.0,0.5,1391616,512,76,1,n3835-1,679.0,282.83838
679.25,0.25,1358.5,0.5,1392128,512,50,4,n3844-1,679.0,282.83838
679.25,0.25,1358.5,0.5,1392128,512,86,1,n3836-1,679.0,282.83838
679.5,0.25,1359.0,0.5,1392640,512,43,4,n3845-1,679.0,282.83838
679.5,0.25,1359.0,0.5,1392640,512,79,1,n3837-1,679.0,282.83838
679.75,0.25,1359.5,0.5,1393152,512,50,4,n3846-1,679.0,282.83838
679.75,0.25,1359.5,0.5,1393152,512,86,1,n3838-1,679.0,282.83838
680.0,0.5,1360.0,1.0,1393664,1024,38,4,n3859-1,680.0,283.18292
680.0,0.5,1360.0,1.0,1393664,1024,42,4,n3860-1,680.0,283.18292
680.0,0.5,1360.0,1.0,1393664,1024,50,4,n3861-1,680.0,283.18292
680.0,0.25,1360.0,0.5,1393664,512,77,1,n3847-1,680.0,283.18292
680.0,0.25,1360.0,0.5,1393664,512,80,1,n3848-1,680.0,283.18292
680.25,0.25,1360.5,0.5,1394176,512,86,1,n3849-1,680.0,283.18292
680.5,0.25,1361.0,0.5,1394688,512,78,1,n3850-1,680.0,283.18292
680.5,0.25,1361.0,0.5,1394688,512,81,1,n3851-1,680.0,283.18292
680.75,0.25,1361.5,0.5,1395200,512,86,1,n3852-1,680.0,283.18292
681.0,0.25,1362.0,0.5,1395712,512,74,1,n3853-1,681.0,283.5654
681.0,0.25,1362.0,0.5,1395712,512,78,1,n3854-1,681.0,283.5654
681.25,0.25,1362.5,0.5,1396224,512,86,1,n3855-1,681.0,283.5654
681.5,0.25,1363.0,0.5,1396736,512,76,1,n3856-1,681.0,283.5654
681.5,0.25,1363.0,0.5,1396736,512,79,1,n3857-1,681.0,283.5654
681.75,0.25,1363.5,0.5,1397248,512,86,1,n3858-1,681.0,283.5654
682.0,0.5,1364.0,1.0,1397760,1024,50,4,n3876-1,682.0,283.92865
682.0,0.5,1364.0,1.0,1397760,1024,54,4,n3877-1,682.0,283.92865
682.0,0.5,1364.0,1.0,1397760,1024,62,4,n3878-1,682.0,283.92865
682.0,0.25,1364.0,0.5,1397760,512,77,1,n3864-1,682.0,283.92865
682.0,0.25,1364.0,0.5,1397760,512,80,1,n3865-1,682.0,283.92865
682.25,0.25,1364.5,0.5,1398272,512,86,1,n3866-1,682.0,283.92865
682.5,0.25,1365.0,0.5,1398784,512,78,1,n3867-1,682.0,283.92865
682.5,0.25,1365.0,0.5,1398784,512,81,1,n3868-1,682.0,283.92865
682.75,0.25,1365.5,0.5,1399296,512,86,1,n3869-1,682.0,283.92865
683.0,0.25,1366.0,0.5,1399808,512,74,1,n3870-1,683.0,284.3095
683.0,0.25,1366.0,0.5,1399808,512,78,1,n3871-1,683.0,284.3095
683.25,0.25,1366.5,0.5,1400320,512,86,1,n3872-1,683.0,284.3095
683.5,0.25,1367.0,0.5,1400832,512,76,1,n3873-1,683.0,284.3095
683.5,0.25,1367.0,0.5,1400832,512,79,1,n3874-1,683.0,284.3095
683.75,0.25,1367.5,0.5,1401344,512,86,1,n3875-1,683.0,284.3095
684.0,0.5,1368.0,1.0,1401856,1024,38,4,n3889-1,684.0,284.70322
684.0,0.5,1368.0,1.0,1401856,1024,42,4,n3890-1,684.0,284.70322
684.0,0.5,1368.0,1.0,1401856,1024,50,4,n3891-1,684.0,284.70322
684.0,0.5,1368.0,1.0,1401856,1024,78,1,n3881-1,684.0,284.70322
684.0,0.5,1368.0,1.0,1401856,1024,81,1,n3882-1,684.0,284.70322
684.0,0.5,1368.0,1.0,1401856,1024,86,1,n3883-1,684.0,284.70322
685.0,0.5,1370.0,1.0,1403904,1024,38,4,n3893-1,685.0,285.1963
685.0,0.5,1370.0,1.0,1403904,1024,42,4,n3894-1,685.0,285.1963
685.0,0.5,1370.0,1.0,1403904,1024,50,4,n3895-1,685.0,285.1963
685.0,0.5,1370.0,1.0,1403904,1024,74,1,n3885-1,685.0,285.1963
685.0,0.5,1370.0,1.0,1403904,1024,78,1,n3886-1,685.0,285.1963
685.0,0.5,1370.0,1.0,1403904,1024,86,1,n3887-1,685.0,285.1963
